node
#name	v	h	weight
1	37941	68559	0
2	23168	91976	0
3	17273	16910	0
4	9276	30353	0
5	39358	18091	0
6	58658	56440	0
7	35216	60984	0
8	64124	3847	8002
9	63665	38631	0
10	21736	54358	3793
11	5654	59942	0
12	28420	25269	0
13	20714	42843	0
14	69955	59705	0
15	99381	24300	0
16	31553	37323	0
17	92860	54721	0
18	29299	10133	0
19	71632	38576	0
20	40487	10990	0
21	56667	99145	0
22	67430	91883	0
23	60130	31555	4736
24	95730	23795	0
25	70187	17467	0
26	78154	75842	0
27	77409	6574	0
28	1111	98124	0
29	49418	71066	9111
30	57829	48800	0
31	95367	89383	0
32	86123	88227	0
33	44105	15423	16417
34	98361	15737	0
35	53999	38848	0
36	26727	10667	0
37	37994	94158	0
38	2550	98125	0
39	25714	98281	0
40	21921	95901	0
41	15748	75	12828
42	71743	93158	0
43	6650	72854	0
44	91282	56068	0
45	43921	49112	335
46	4869	39289	0
47	38496	90992	0
48	27516	82602	0
49	6416	25878	0
50	98339	60416	0
51	64726	25067	0
52	71083	2721	0
53	19226	73634	0
54	846	44940	12999
55	71916	22767	0
56	40841	87664	0
57	22843	12585	0
58	80822	29493	0
59	85440	72105	0
60	85562	29361	0
61	21218	90431	0
62	68650	59715	0
63	81424	96167	0
64	42317	87840	0
65	22045	40657	0
66	48256	86772	0
67	65725	19340	0
68	89493	84951	20398
69	92974	90340	0
70	29892	64890	0
71	13108	70733	0
72	52555	35951	8280
73	83319	33378	0
74	65444	68759	0
75	5484	51006	0
76	98121	26702	9603
77	41438	66772	0
78	86417	22862	0
79	62939	28735	19155
80	10702	84985	0
81	69392	58959	0
82	71757	35117	0
83	78299	61251	11772
84	20069	71274	0
85	51591	49961	0
86	36164	64699	0
87	20695	88720	0
88	651	4014	0
89	22098	66095	0
90	72774	27582	19415
91	17102	70895	0
92	54285	58540	0
93	37667	40703	0
94	81402	607	0
95	69438	92105	0
96	85592	38831	0
97	51064	57349	0
98	73948	29363	0
99	18601	94017	0
100	638	70193	0
101	43979	36802	0
102	34892	64674	7848
103	25523	35543	9947
104	68688	47621	0
105	1639	41463	7890
106	75204	18742	0
107	12358	29489	0
108	77282	50025	0
109	70193	58685	0
110	50633	39631	0
111	50790	36225	0
112	78462	1855	0
113	93575	52411	0
114	31219	12176	14181
115	46429	31857	0
116	82369	90408	12383
117	68660	17262	0
118	55083	94183	0
119	52806	23771	0
120	41805	54446	0
121	65235	17009	0
122	73188	77593	0
123	46499	50470	0
124	27619	16692	11360
125	9156	78252	0
126	56324	59947	0
127	14477	34787	0
128	61802	8053	13603
129	87199	93021	17209
130	20229	33629	0
131	24878	2599	0
132	24037	93538	0
133	19862	79120	0
134	87722	72668	0
135	2892	29527	0
136	27114	68127	0
137	46537	302	0
138	45721	93036	0
139	50773	73340	0
140	9729	59930	0
141	51593	66054	0
142	19877	66071	0
143	842	81679	5302
144	74124	88041	0
145	74700	94354	0
146	21670	99579	0
147	96953	45708	0
148	93118	16815	0
149	24829	80840	0
150	89484	27722	0
151	10368	16599	0
152	95849	56905	0
153	16901	41571	0
154	49942	67675	15511
155	14911	59671	0
156	27605	66505	0
157	25726	47482	0
158	32576	26568	0
159	29162	6700	0
160	14610	3863	12009
161	1055	36281	6400
162	3443	98008	9
163	81990	96561	0
164	14824	6819	15635
165	77402	4309	0
166	34541	87770	0
167	20908	30391	0
168	44675	37810	0
169	71962	94617	2459
170	5486	86874	18401
171	54289	33091	0
172	53379	80016	0
173	80574	85955	0
174	6585	9737	0
175	92656	21195	0
176	13600	93711	0
177	57477	17043	0
178	91720	39467	0
179	13605	6545	0
180	46286	91007	0
181	10854	80828	0
182	78777	31762	0
183	11219	23453	0
184	69573	83181	0
185	18071	75059	0
186	70055	72360	0
187	8151	23435	0
188	52377	88726	0
189	9390	58962	0
190	98463	2047	0
191	80157	12064	0
192	95758	37634	20910
193	29107	87478	20197
194	77102	42712	0
195	94023	23388	0
196	33720	4878	885
197	4216	12498	0
198	36641	15436	0
199	35951	6214	0
200	98617	54023	0
link
#link	x	y	length	RIN	notes
1	1	7	8050	na	na
2	1	70	8846	na	na
3	1	77	3926	na	na
4	1	86	4248	na	na
5	1	102	4938	na	na
6	1	136	10835	na	na
7	1	156	10538	na	na
8	2	39	6799	na	na
9	2	40	4118	na	na
10	2	48	10333	na	na
11	2	61	2487	na	na
12	2	87	4088	na	na
13	2	99	5002	na	na
14	2	132	1787	na	na
15	2	146	7749	na	na
16	2	149	11259	na	na
17	2	176	9723	na	na
18	2	193	7450	na	na
19	3	57	7051	na	na
20	3	124	10348	na	na
21	3	151	6912	na	na
22	3	164	10383	na	na
23	3	179	10995	na	na
24	3	183	8914	na	na
25	3	187	11215	na	na
26	4	46	9963	na	na
27	4	49	5311	na	na
28	4	107	3200	na	na
29	4	127	6835	na	na
30	4	135	6436	na	na
31	4	161	10135	na	na
32	4	183	7168	na	na
33	4	187	7009	na	na
34	5	20	7190	na	na
35	5	33	5445	na	na
36	5	114	10061	na	na
37	5	158	10856	na	na
38	5	198	3798	na	na
39	6	30	7684	na	na
40	6	62	10515	na	na
41	6	81	11025	na	na
42	6	85	9587	na	na
43	6	92	4851	na	na
44	6	97	7648	na	na
45	6	126	4212	na	na
46	7	70	6603	na	na
47	7	77	8497	na	na
48	7	86	3834	na	na
49	7	102	3703	na	na
50	7	120	9282	na	na
51	7	136	10800	na	na
52	7	156	9401	na	na
53	8	52	7049	na	na
54	8	128	4804	na	na
55	9	19	7967	na	na
56	9	23	7909	na	na
57	9	35	9667	na	na
58	9	79	9923	na	na
59	9	82	8822	na	na
60	9	104	10298	na	na
61	9	171	10890	na	na
62	10	155	8649	na	na
63	10	157	7949	na	na
64	11	75	8937	na	na
65	11	140	4074	na	na
66	11	155	9260	na	na
67	11	189	3862	na	na
68	12	103	10675	na	na
69	12	124	8613	na	na
70	12	158	4354	na	na
71	12	167	9091	na	na
72	13	65	2559	na	na
73	13	103	8741	na	na
74	13	127	10188	na	na
75	13	130	9227	na	na
76	13	153	4019	na	na
77	13	157	6829	na	na
78	14	62	1304	na	na
79	14	74	10115	na	na
80	14	81	934	na	na
81	14	83	8486	na	na
82	14	109	1047	na	na
83	15	24	3685	na	na
84	15	34	8623	na	na
85	15	76	2712	na	na
86	15	148	9759	na	na
87	15	150	10471	na	na
88	15	175	7407	na	na
89	15	195	5435	na	na
90	16	65	10075	na	na
91	16	93	6985	na	na
92	16	103	6287	na	na
93	16	158	10803	na	na
94	17	44	2074	na	na
95	17	50	7902	na	na
96	17	113	2418	na	na
97	17	147	9899	na	na
98	17	152	3702	na	na
99	17	200	5799	na	na
100	18	20	11220	na	na
101	18	36	2626	na	na
102	18	57	6906	na	na
103	18	114	2803	na	na
104	18	124	6771	na	na
105	18	131	8735	na	na
106	18	159	3435	na	na
107	18	196	6867	na	na
108	18	198	9055	na	na
109	18	199	7720	na	na
110	19	82	3460	na	na
111	19	90	11052	na	na
112	19	98	9499	na	na
113	19	104	9512	na	na
114	19	182	9873	na	na
115	19	194	6858	na	na
116	20	33	5722	na	na
117	20	114	9343	na	na
118	20	196	9118	na	na
119	20	198	5878	na	na
120	20	199	6586	na	na
121	21	118	5209	na	na
122	21	188	11268	na	na
123	22	42	4497	na	na
124	22	95	2020	na	na
125	22	144	7717	na	na
126	22	145	7678	na	na
127	22	169	5292	na	na
128	22	184	8961	na	na
129	23	35	9527	na	na
130	23	51	7950	na	na
131	23	72	8758	na	na
132	23	79	3980	na	na
133	23	111	10442	na	na
134	23	119	10687	na	na
135	23	171	6039	na	na
136	24	34	8476	na	na
137	24	76	3763	na	na
138	24	78	9359	na	na
139	24	148	7452	na	na
140	24	150	7377	na	na
141	24	175	4026	na	na
142	24	195	1754	na	na
143	25	51	9358	na	na
144	25	55	5575	na	na
145	25	67	4839	na	na
146	25	90	10441	na	na
147	25	106	5176	na	na
148	25	117	1540	na	na
149	25	121	4973	na	na
150	26	59	8187	na	na
151	26	122	5266	na	na
152	26	134	10080	na	na
153	26	173	10399	na	na
154	26	184	11291	na	na
155	26	186	8815	na	na
156	27	52	7407	na	na
157	27	94	7180	na	na
158	27	112	4835	na	na
159	27	165	2265	na	na
160	27	191	6138	na	na
161	28	38	1439	na	na
162	28	162	2334	na	na
163	29	77	9062	na	na
164	29	139	2647	na	na
165	29	141	5463	na	na
166	29	154	3431	na	na
167	29	172	9786	na	na
168	30	35	10663	na	na
169	30	85	6345	na	na
170	30	92	10365	na	na
171	30	97	10902	na	na
172	30	104	10922	na	na
173	30	126	11247	na	na
174	31	32	9315	na	na
175	31	68	7358	na	na
176	31	69	2576	na	na
177	31	129	8941	na	na
178	32	63	9226	na	na
179	32	68	4700	na	na
180	32	69	7169	na	na
181	32	116	4341	na	na
182	32	129	4912	na	na
183	32	163	9302	na	na
184	32	173	5996	na	na
185	33	198	7464	na	na
186	34	76	10967	na	na
187	34	148	5352	na	na
188	34	175	7895	na	na
189	34	195	8795	na	na
190	35	72	3237	na	na
191	35	101	10227	na	na
192	35	110	3456	na	na
193	35	111	4144	na	na
194	35	115	10304	na	na
195	35	168	9381	na	na
196	35	171	5764	na	na
197	36	57	4332	na	na
198	36	114	4738	na	na
199	36	124	6091	na	na
200	36	131	8277	na	na
201	36	159	4654	na	na
202	36	196	9077	na	na
203	36	198	11000	na	na
204	36	199	10242	na	na
205	37	47	3205	na	na
206	37	56	7090	na	na
207	37	64	7655	na	na
208	37	138	7807	na	na
209	37	166	7261	na	na
210	37	180	8870	na	na
211	37	193	11117	na	na
212	38	162	899	na	na
213	39	40	4477	na	na
214	39	61	9046	na	na
215	39	87	10798	na	na
216	39	99	8292	na	na
217	39	132	5030	na	na
218	39	146	4246	na	na
219	40	61	5515	na	na
220	40	87	7285	na	na
221	40	99	3816	na	na
222	40	132	3172	na	na
223	40	146	3686	na	na
224	40	176	8603	na	na
225	40	193	11072	na	na
226	41	131	9472	na	na
227	41	160	3955	na	na
228	41	164	6806	na	na
229	41	179	6815	na	na
230	42	63	10137	na	na
231	42	95	2534	na	na
232	42	116	10976	na	na
233	42	144	5643	na	na
234	42	145	3190	na	na
235	42	163	10796	na	na
236	42	169	1475	na	na
237	42	184	10209	na	na
238	43	71	6797	na	na
239	43	91	10634	na	na
240	43	100	6574	na	na
241	43	125	5951	na	na
242	43	143	10564	na	na
243	43	181	9013	na	na
244	44	50	8288	na	na
245	44	113	4316	na	na
246	44	152	4642	na	na
247	44	200	7614	na	na
248	45	85	7717	na	na
249	45	93	10480	na	na
250	45	97	10902	na	na
251	45	120	5737	na	na
252	45	123	2914	na	na
253	46	54	6936	na	na
254	46	105	3893	na	na
255	46	127	10610	na	na
256	46	135	9959	na	na
257	46	161	4857	na	na
258	47	56	4071	na	na
259	47	64	4953	na	na
260	47	66	10633	na	na
261	47	138	7508	na	na
262	47	166	5101	na	na
263	47	180	7790	na	na
264	47	193	10024	na	na
265	48	61	10047	na	na
266	48	87	9163	na	na
267	48	133	8409	na	na
268	48	149	3213	na	na
269	48	166	8721	na	na
270	48	193	5129	na	na
271	49	107	6953	na	na
272	49	135	5072	na	na
273	49	151	10085	na	na
274	49	183	5380	na	na
275	49	187	2996	na	na
276	50	113	9315	na	na
277	50	152	4304	na	na
278	50	200	6399	na	na
279	51	55	7548	na	na
280	51	67	5813	na	na
281	51	79	4079	na	na
282	51	90	8431	na	na
283	51	98	10173	na	na
284	51	117	8740	na	na
285	51	121	8074	na	na
286	51	177	10814	na	na
287	52	94	10533	na	na
288	52	112	7430	na	na
289	52	128	10703	na	na
290	52	165	6515	na	na
291	53	71	6771	na	na
292	53	84	2506	na	na
293	53	89	8067	na	na
294	53	91	3466	na	na
295	53	125	11078	na	na
296	53	133	5523	na	na
297	53	136	9620	na	na
298	53	142	7591	na	na
299	53	149	9128	na	na
300	53	156	11001	na	na
301	53	181	11038	na	na
302	53	185	1834	na	na
303	54	75	7635	na	na
304	54	105	3566	na	na
305	54	161	8661	na	na
306	55	58	11161	na	na
307	55	67	7076	na	na
308	55	79	10779	na	na
309	55	90	4890	na	na
310	55	98	6902	na	na
311	55	106	5198	na	na
312	55	117	6395	na	na
313	55	121	8819	na	na
314	55	182	11313	na	na
315	56	64	1485	na	na
316	56	66	7468	na	na
317	56	138	7257	na	na
318	56	166	6301	na	na
319	56	180	6388	na	na
320	57	114	8385	na	na
321	57	124	6299	na	na
322	57	131	10191	na	na
323	57	159	8634	na	na
324	57	164	9876	na	na
325	57	179	11037	na	na
326	58	60	4741	na	na
327	58	73	4617	na	na
328	58	78	8676	na	na
329	58	82	10668	na	na
330	58	90	8272	na	na
331	58	96	10485	na	na
332	58	98	6875	na	na
333	58	150	8840	na	na
334	58	182	3055	na	na
335	59	134	2350	na	na
336	60	73	4600	na	na
337	60	78	6555	na	na
338	60	96	9469	na	na
339	60	150	4251	na	na
340	60	175	10817	na	na
341	60	182	7196	na	na
342	60	195	10357	na	na
343	61	87	1789	na	na
344	61	99	4440	na	na
345	61	132	4195	na	na
346	61	146	9159	na	na
347	61	149	10247	na	na
348	61	176	8294	na	na
349	61	193	8423	na	na
350	62	74	9595	na	na
351	62	81	1059	na	na
352	62	83	9770	na	na
353	62	109	1854	na	na
354	63	116	5835	na	na
355	63	129	6576	na	na
356	63	144	10922	na	na
357	63	145	6963	na	na
358	63	163	689	na	na
359	63	169	9587	na	na
360	63	173	10247	na	na
361	64	66	6034	na	na
362	64	138	6212	na	na
363	64	166	7776	na	na
364	64	180	5077	na	na
365	64	188	10098	na	na
366	65	103	6183	na	na
367	65	127	9577	na	na
368	65	130	7259	na	na
369	65	153	5224	na	na
370	65	157	7754	na	na
371	65	167	10328	na	na
372	66	118	10075	na	na
373	66	138	6758	na	na
374	66	172	8478	na	na
375	66	180	4670	na	na
376	66	188	4560	na	na
377	67	79	9799	na	na
378	67	90	10845	na	na
379	67	106	9498	na	na
380	67	117	3596	na	na
381	67	121	2381	na	na
382	67	177	8561	na	na
383	68	69	6415	na	na
384	68	116	8974	na	na
385	68	129	8389	na	na
386	68	173	8975	na	na
387	69	116	10605	na	na
388	69	129	6367	na	na
389	70	86	6275	na	na
390	70	89	7886	na	na
391	70	102	5005	na	na
392	70	136	4265	na	na
393	70	142	10084	na	na
394	70	156	2798	na	na
395	71	84	6982	na	na
396	71	89	10116	na	na
397	71	91	3997	na	na
398	71	125	8493	na	na
399	71	133	10768	na	na
400	71	142	8219	na	na
401	71	155	11208	na	na
402	71	181	10342	na	na
403	71	185	6583	na	na
404	72	101	8618	na	na
405	72	110	4152	na	na
406	72	111	1785	na	na
407	72	115	7367	na	na
408	72	168	8096	na	na
409	72	171	3344	na	na
410	73	78	10963	na	na
411	73	96	5907	na	na
412	73	98	10194	na	na
413	73	150	8366	na	na
414	73	178	10375	na	na
415	73	182	4820	na	na
416	73	194	11215	na	na
417	74	81	10565	na	na
418	74	109	11137	na	na
419	74	186	5850	na	na
420	75	105	10289	na	na
421	75	140	9881	na	na
422	75	189	8862	na	na
423	76	148	11080	na	na
424	76	150	8696	na	na
425	76	175	7758	na	na
426	76	192	11184	na	na
427	76	195	5269	na	na
428	77	86	5665	na	na
429	77	102	6873	na	na
430	77	141	10180	na	na
431	77	154	8551	na	na
432	78	148	9025	na	na
433	78	150	5746	na	na
434	78	175	6457	na	na
435	78	195	7624	na	na
436	79	82	10885	na	na
437	79	90	9901	na	na
438	79	98	11027	na	na
439	79	119	11283	na	na
440	79	171	9685	na	na
441	80	87	10667	na	na
442	80	125	6907	na	na
443	80	133	10876	na	na
444	80	143	10399	na	na
445	80	170	5547	na	na
446	80	176	9194	na	na
447	80	181	4159	na	na
448	81	83	9197	na	na
449	81	109	846	na	na
450	82	90	7603	na	na
451	82	98	6156	na	na
452	82	182	7780	na	na
453	82	194	9287	na	na
454	83	108	11271	na	na
455	83	109	8502	na	na
456	84	89	5561	na	na
457	84	91	2990	na	na
458	84	133	7849	na	na
459	84	136	7716	na	na
460	84	142	5206	na	na
461	84	149	10685	na	na
462	84	156	8918	na	na
463	84	185	4280	na	na
464	85	92	8992	na	na
465	85	97	7407	na	na
466	85	110	10373	na	na
467	85	120	10765	na	na
468	85	123	5117	na	na
469	85	126	11050	na	na
470	86	102	1272	na	na
471	86	136	9677	na	na
472	86	156	8747	na	na
473	87	99	5696	na	na
474	87	132	5864	na	na
475	87	133	9635	na	na
476	87	146	10903	na	na
477	87	149	8898	na	na
478	87	176	8674	na	na
479	87	193	8503	na	na
480	88	174	8243	na	na
481	88	197	9202	na	na
482	89	91	6928	na	na
483	89	136	5412	na	na
484	89	142	2221	na	na
485	89	155	9639	na	na
486	89	156	5522	na	na
487	89	185	9827	na	na
488	90	98	2133	na	na
489	90	106	9168	na	na
490	90	117	11109	na	na
491	90	182	7315	na	na
492	91	125	10829	na	na
493	91	133	8675	na	na
494	91	136	10387	na	na
495	91	142	5565	na	na
496	91	185	4275	na	na
497	92	97	3434	na	na
498	92	123	11213	na	na
499	92	126	2477	na	na
500	92	141	7981	na	na
501	92	154	10115	na	na
502	93	101	7419	na	na
503	93	168	7581	na	na
504	94	112	3193	na	na
505	94	165	5450	na	na
506	95	144	6202	na	na
507	95	145	5722	na	na
508	95	169	3561	na	na
509	95	184	8924	na	na
510	96	178	6160	na	na
511	96	182	9818	na	na
512	96	192	10236	na	na
513	96	194	9335	na	na
514	97	120	9703	na	na
515	97	123	8255	na	na
516	97	126	5866	na	na
517	97	141	8720	na	na
518	97	154	10386	na	na
519	98	106	10695	na	na
520	98	182	5392	na	na
521	99	132	5457	na	na
522	99	146	6352	na	na
523	99	176	5010	na	na
524	101	110	7230	na	na
525	101	111	6836	na	na
526	101	115	5519	na	na
527	101	168	1224	na	na
528	101	171	10958	na	na
529	102	136	8510	na	na
530	102	156	7513	na	na
531	103	127	11071	na	na
532	103	130	5629	na	na
533	103	153	10519	na	na
534	103	167	6916	na	na
535	104	108	8923	na	na
536	104	109	11165	na	na
537	104	194	9740	na	na
538	105	161	5214	na	na
539	106	117	6709	na	na
540	106	121	10118	na	na
541	106	191	8314	na	na
542	107	127	5706	na	na
543	107	130	8893	na	na
544	107	135	9465	na	na
545	107	167	8597	na	na
546	107	183	6142	na	na
547	107	187	7372	na	na
548	108	109	11191	na	na
549	108	194	7315	na	na
550	110	111	3410	na	na
551	110	115	8838	na	na
552	110	168	6229	na	na
553	110	171	7492	na	na
554	111	115	6172	na	na
555	111	168	6317	na	na
556	111	171	4696	na	na
557	112	165	2673	na	na
558	112	191	10348	na	na
559	113	147	7506	na	na
560	113	152	5036	na	na
561	113	200	5293	na	na
562	114	124	5775	na	na
563	114	159	5849	na	na
564	114	196	7715	na	na
565	114	198	6326	na	na
566	114	199	7612	na	na
567	115	119	10297	na	na
568	115	168	6206	na	na
569	115	171	7956	na	na
570	116	129	5491	na	na
571	116	144	8578	na	na
572	116	145	8624	na	na
573	116	163	6164	na	na
574	116	169	11226	na	na
575	116	173	4801	na	na
576	117	121	3434	na	na
577	117	177	11185	na	na
578	118	138	9431	na	na
579	118	180	9352	na	na
580	118	188	6091	na	na
581	119	171	9437	na	na
582	119	177	8190	na	na
583	120	123	6151	na	na
584	121	128	9591	na	na
585	121	177	7757	na	na
586	122	144	10490	na	na
587	122	173	11157	na	na
588	122	184	6655	na	na
589	122	186	6098	na	na
590	124	158	11050	na	na
591	124	159	10110	na	na
592	124	198	9108	na	na
593	125	133	10740	na	na
594	125	143	8992	na	na
595	125	170	9370	na	na
596	125	181	3084	na	na
597	125	185	9469	na	na
598	126	141	7725	na	na
599	126	154	10023	na	na
600	127	130	5867	na	na
601	127	153	7203	na	na
602	127	167	7789	na	na
603	128	177	9976	na	na
604	129	163	6298	na	na
605	129	173	9685	na	na
606	130	153	8611	na	na
607	130	167	3308	na	na
608	131	159	5930	na	na
609	131	160	10345	na	na
610	131	164	10903	na	na
611	131	196	9130	na	na
612	132	146	6487	na	na
613	132	176	10438	na	na
614	132	193	7901	na	na
615	133	149	5256	na	na
616	133	181	9168	na	na
617	133	185	4438	na	na
618	135	161	6999	na	na
619	135	183	10306	na	na
620	135	187	8047	na	na
621	136	142	7523	na	na
622	136	156	1695	na	na
623	138	180	2106	na	na
624	138	188	7929	na	na
625	139	141	7332	na	na
626	139	154	5725	na	na
627	139	172	7165	na	na
628	140	155	5188	na	na
629	140	189	1025	na	na
630	141	154	2313	na	na
631	142	155	8099	na	na
632	142	156	7740	na	na
633	142	185	9167	na	na
634	143	170	6967	na	na
635	143	181	10048	na	na
636	144	145	6338	na	na
637	144	169	6922	na	na
638	144	173	6779	na	na
639	144	184	6658	na	na
640	145	163	7615	na	na
641	145	169	2751	na	na
642	145	173	10248	na	na
643	146	176	9978	na	na
644	147	152	11251	na	na
645	147	178	8145	na	na
646	147	192	8161	na	na
647	147	200	8479	na	na
648	148	175	4404	na	na
649	148	195	6634	na	na
650	149	185	8893	na	na
651	149	193	7897	na	na
652	150	175	7256	na	na
653	150	195	6275	na	na
654	151	164	10747	na	na
655	151	174	7835	na	na
656	151	179	10562	na	na
657	151	183	6906	na	na
658	151	187	7186	na	na
659	151	197	7392	na	na
660	152	200	3996	na	na
661	153	157	10621	na	na
662	155	189	5566	na	na
663	159	196	4908	na	na
664	159	199	6806	na	na
665	160	164	2963	na	na
666	160	174	9945	na	na
667	160	179	2863	na	na
668	162	176	11029	na	na
669	163	169	10214	na	na
670	163	173	10699	na	na
671	164	174	8741	na	na
672	164	179	1250	na	na
673	165	191	8229	na	na
674	166	193	5441	na	na
675	168	171	10709	na	na
676	170	176	10610	na	na
677	170	181	8085	na	na
678	172	188	8767	na	na
679	174	179	7711	na	na
680	174	197	3637	na	na
681	175	195	2584	na	na
682	178	192	4434	na	na
683	179	197	11116	na	na
684	180	188	6503	na	na
685	181	185	9238	na	na
686	182	194	11077	na	na
687	183	187	3067	na	na
688	184	186	10831	na	na
689	196	198	10954	na	na
690	196	199	2600	na	na
691	198	199	9247	na	na
ring
