node
#name	v	h	weight
1	81074	92145	0
2	56318	31926	0
3	90978	50043	0
4	16822	79453	0
5	74220	93885	0
6	29756	59442	0
7	67728	78035	0
8	5592	55027	0
9	62823	12561	0
10	36693	68201	0
11	92791	44921	12996
12	60675	74798	0
13	35768	9735	0
14	53083	21742	0
15	45896	67161	0
16	33106	26970	0
17	59307	89425	0
18	58897	50285	0
19	39468	75719	0
20	29739	13689	5850
21	69605	59495	0
22	73132	37334	0
23	37531	78724	0
24	92361	354	0
25	91285	29055	0
26	68555	84076	0
27	73976	29230	0
28	58874	9745	0
29	38966	11958	0
30	31487	84863	0
31	79119	64594	7318
32	11833	38427	0
33	54019	70731	0
34	88712	93488	0
35	46450	18452	740
36	7178	16055	0
37	77947	80310	0
38	53390	15479	4852
39	59035	45752	10565
40	15833	50321	0
41	74807	84389	0
42	34397	48783	0
43	13619	93272	0
44	58529	52586	0
45	5231	90017	0
46	37449	84351	0
47	54611	49283	0
48	22778	8631	0
49	20014	11490	11235
50	2120	66465	0
51	29942	9298	492
52	82521	7890	0
53	89609	35911	0
54	23370	48644	0
55	81663	39203	0
56	98965	56470	0
57	23592	33363	0
58	5254	37212	0
59	26636	63783	0
60	89799	31867	5260
61	53801	27249	0
62	16218	8412	0
63	76533	38997	8140
64	17044	96548	0
65	50487	19164	0
66	63013	80430	0
67	28463	45535	0
68	88321	18072	0
69	81446	11691	0
70	66717	63110	4888
71	50895	65683	0
72	19581	74488	0
73	99047	24835	0
74	11701	25683	12101
75	88619	1500	0
76	57551	42420	0
77	28750	73770	0
78	50833	5284	0
79	12767	67877	0
80	1832	63255	0
81	87042	64846	7097
82	43686	15505	0
83	10381	32008	0
84	33578	91827	0
85	43700	296	0
86	54938	94595	0
87	65979	74519	0
88	69084	65027	0
89	99355	80785	0
90	90711	87974	0
91	82286	48262	0
92	30395	11036	0
93	22033	81229	0
94	16320	34801	0
95	49107	18153	0
96	98056	36149	0
97	82999	41743	0
98	51655	93380	0
99	73751	85233	0
100	85208	17451	1976
101	85530	40146	0
102	12047	51510	0
103	14665	81131	0
104	16537	14020	13235
105	61916	7248	0
106	1995	44203	0
107	55511	32390	0
108	55240	77544	0
109	13620	71560	0
110	12346	62727	1772
111	89714	10403	0
112	98876	72713	0
113	52146	50532	2626
114	66093	25898	0
115	35766	51302	0
116	43350	21296	4280
117	91448	55397	0
118	72806	6114	0
119	36529	89343	0
120	20134	98446	0
121	96592	22130	0
122	42649	52103	0
123	54521	97889	0
124	29648	68141	0
125	69450	41995	5349
126	30868	59164	0
127	52398	29745	0
128	31877	4544	0
129	80277	97971	0
130	30443	16043	0
131	49274	73793	0
132	37339	40722	0
133	29190	10146	0
134	46836	65719	0
135	99490	66971	0
136	64165	96082	0
137	89101	6815	5616
138	48186	43622	0
139	4704	77835	0
140	11764	74154	0
141	19830	42632	0
142	33319	72228	0
143	72377	65197	0
144	76773	52655	1669
145	63169	7216	0
146	68698	12443	13027
147	81009	6038	0
148	53166	10200	0
149	16184	2	0
150	75919	15674	4452
151	66974	40085	0
152	11757	56076	0
153	46900	59943	0
154	99699	51605	0
155	37779	11463	0
156	25760	57609	0
157	54096	59079	0
158	29837	26474	0
159	24276	6611	0
160	79129	87446	0
161	13827	47828	0
162	99889	94836	0
163	53866	53055	0
164	5036	70051	0
165	53058	80956	0
166	85726	20033	0
167	21042	97483	0
168	76109	67943	0
169	57427	75808	0
170	19548	95207	13511
171	87272	45309	0
172	52816	41368	0
173	4388	82654	0
174	67842	28665	0
175	89265	46972	68
176	16112	3093	0
177	94800	16001	0
178	97930	48667	7173
179	69057	2967	0
180	18719	22116	0
181	83923	4445	0
182	42149	4966	0
183	1929	18258	0
184	72909	59357	0
185	94067	92458	0
186	54564	81340	0
187	37767	7381	0
188	22709	42156	5067
189	90036	90552	560
190	70822	79301	0
191	37524	86934	0
192	82395	32325	0
193	2936	80325	8111
194	80992	71993	0
195	83292	99712	0
196	94109	67216	0
197	4157	36259	0
198	72182	6087	0
199	54518	45092	0
200	65444	48586	0
201	37550	20009	0
202	29926	75318	0
203	27390	52635	0
204	17475	17426	0
205	43187	88297	0
206	96728	80712	0
207	75232	79124	0
208	13037	78168	0
209	59449	94030	5068
210	50162	42742	0
211	93742	44272	0
212	9958	97900	0
213	80531	82140	0
214	3987	35050	0
215	27233	69431	0
216	83636	64783	0
217	89441	13562	0
218	40102	16831	0
219	66198	57577	0
220	34258	9385	0
221	45875	30987	0
222	90097	21107	0
223	10111	3135	0
224	99276	69561	0
225	97165	49438	0
226	12303	90908	0
227	93710	22261	0
228	88808	74242	0
229	4402	92795	0
230	9292	31635	0
231	62227	92928	0
232	96419	51668	0
233	6491	36521	0
234	68500	72689	0
235	94099	2759	0
236	82075	39974	0
237	33747	72173	0
238	61082	43859	0
239	75308	60358	0
240	13420	72474	1526
241	9796	25724	0
242	63382	3507	0
243	47986	52190	0
244	77749	52388	0
245	44986	87042	0
246	84024	7214	0
247	79970	80444	0
248	58883	86462	0
249	16966	27383	9674
250	59151	11065	0
251	30143	41226	0
252	51040	63890	0
253	13400	12122	0
254	7749	88708	0
255	72480	21170	0
256	61182	82276	3953
257	46894	24565	0
258	85784	94881	0
259	76756	63533	0
260	47270	21742	0
261	50576	31294	0
262	28956	30546	0
263	11739	87839	0
264	17009	28705	3917
265	15223	76160	0
266	39771	45367	0
267	17387	90811	0
268	9257	30787	0
269	2933	17007	0
270	19496	75414	1420
271	38178	80678	0
272	57690	85073	0
273	5244	43474	0
274	79954	82000	0
275	7008	27224	0
276	3742	57584	0
277	58519	32699	0
278	88131	70258	0
279	20539	5140	0
280	98964	35763	10271
281	81301	38735	0
282	81130	98689	0
283	29546	90388	0
284	29477	32480	0
285	7396	48973	0
286	7894	45574	14197
287	29652	65585	0
288	30648	34896	0
289	9060	10602	0
290	16896	16068	0
291	37827	20639	0
292	73653	96346	0
293	53339	61784	0
294	66605	73879	0
295	66925	65569	3742
296	9642	48227	0
297	4304	90773	0
298	46916	33851	0
299	81161	76394	0
300	66331	88558	0
301	25367	74226	0
302	34132	55019	0
303	39811	64780	0
304	89916	48871	0
305	75383	6812	0
306	64940	13210	0
307	27452	38593	0
308	9557	80791	0
309	378	76162	0
310	54670	67304	0
311	41732	64313	0
312	15531	46036	5812
313	55086	62448	0
314	79887	36248	5009
315	38842	46219	0
316	24806	64210	0
317	20445	58939	0
318	19230	60256	4569
319	23720	9146	0
320	9128	99103	0
321	15959	74068	0
322	12314	43411	0
323	12662	21871	12186
324	24202	13040	0
325	98034	78873	0
326	80345	39766	0
327	43186	95876	0
328	85803	98272	0
329	58325	65691	0
330	34520	97168	0
331	11910	59327	9277
332	61378	32355	0
333	18266	80608	0
334	92612	41987	0
335	89754	1740	0
336	41091	5713	0
337	75809	53405	14036
338	49125	88471	0
339	75277	73328	0
340	1511	73312	9904
341	52201	81856	0
342	13078	95388	0
343	77733	98882	0
344	93660	36059	1624
345	64573	28181	0
346	33227	76483	0
347	87509	94605	0
348	8839	5776	0
349	75213	1452	6001
350	47763	64968	0
351	3192	88854	0
352	70682	79002	4797
353	42260	19807	0
354	67473	17537	0
355	93136	68985	13263
356	90850	45337	0
357	50842	3929	0
358	40726	28576	160
359	2811	34386	0
360	64635	67384	1201
361	62568	97862	0
362	43867	50077	0
363	92467	52707	0
364	55854	67681	0
365	54159	3617	3527
366	32649	57352	7171
367	92472	3332	0
368	36354	34732	0
369	23139	3827	0
370	52270	16276	12471
371	72812	43120	0
372	61613	23655	3472
373	47049	2339	0
374	52231	49860	0
375	36726	16866	0
376	17245	99295	0
377	14728	61113	0
378	49373	7196	0
379	13820	5227	0
380	74877	67980	0
381	8845	7527	6863
382	25332	1317	0
383	10859	61686	11520
384	36049	33999	0
385	65514	88319	214
386	50275	38327	0
387	31440	11889	0
388	61982	78489	0
389	14229	14213	10419
390	28350	50956	0
391	31079	45595	0
392	50252	45808	0
393	6708	99625	0
394	53004	20528	0
395	4853	27882	8351
396	88508	13698	0
397	35410	13841	0
398	15015	46270	0
399	75527	51065	12423
400	80270	41042	738
link
#link	x	y	length	RIN	notes
1	1	5	7071	na	na
2	1	34	7755	na	na
3	1	129	5880	na	na
4	1	160	5086	na	na
5	1	195	7884	na	na
6	1	258	5446	na	na
7	1	282	6543	na	na
8	1	328	7739	na	na
9	1	343	7519	na	na
10	1	347	6888	na	na
11	2	61	5311	na	na
12	2	107	931	na	na
13	2	127	4486	na	na
14	2	261	5777	na	na
15	2	277	2332	na	na
16	2	332	5077	na	na
17	3	11	5433	na	na
18	3	117	5374	na	na
19	3	171	6012	na	na
20	3	175	3516	na	na
21	3	178	7086	na	na
22	3	211	6398	na	na
23	3	225	6216	na	na
24	3	232	5678	na	na
25	3	304	1581	na	na
26	3	356	4707	na	na
27	3	363	3051	na	na
28	4	72	5679	na	na
29	4	93	5505	na	na
30	4	103	2732	na	na
31	4	140	7325	na	na
32	4	208	3997	na	na
33	4	240	7764	na	na
34	4	265	3660	na	na
35	4	270	4844	na	na
36	4	308	7387	na	na
37	4	321	5453	na	na
38	4	333	1849	na	na
39	5	129	7305	na	na
40	5	292	2525	na	na
41	5	343	6107	na	na
42	6	59	5346	na	na
43	6	126	1146	na	na
44	6	156	4396	na	na
45	6	203	7206	na	na
46	6	287	6143	na	na
47	6	302	6221	na	na
48	6	316	6872	na	na
49	6	366	3569	na	na
50	7	12	7760	na	na
51	7	26	6097	na	na
52	7	66	5288	na	na
53	7	87	3927	na	na
54	7	190	3342	na	na
55	7	207	7582	na	na
56	7	234	5401	na	na
57	7	256	7800	na	na
58	7	294	4305	na	na
59	7	352	3107	na	na
60	7	388	5764	na	na
61	8	102	7351	na	na
62	8	152	6253	na	na
63	8	276	3155	na	na
64	8	285	6317	na	na
65	8	296	7914	na	na
66	8	331	7642	na	na
67	9	28	4849	na	na
68	9	105	5389	na	na
69	9	145	5356	na	na
70	9	146	5876	na	na
71	9	250	3964	na	na
72	9	306	2214	na	na
73	9	354	6811	na	na
74	10	124	7044	na	na
75	10	142	5253	na	na
76	10	237	4945	na	na
77	10	287	7511	na	na
78	10	303	4627	na	na
79	10	311	6364	na	na
80	11	171	5532	na	na
81	11	175	4078	na	na
82	11	178	6359	na	na
83	11	211	1151	na	na
84	11	225	6288	na	na
85	11	232	7661	na	na
86	11	304	4885	na	na
87	11	334	2939	na	na
88	11	356	1985	na	na
89	11	363	7792	na	na
90	12	33	7799	na	na
91	12	66	6098	na	na
92	12	87	5311	na	na
93	12	108	6090	na	na
94	12	169	3401	na	na
95	12	256	7495	na	na
96	12	294	6000	na	na
97	12	388	3915	na	na
98	13	20	7210	na	na
99	13	29	3894	na	na
100	13	51	5842	na	na
101	13	92	5528	na	na
102	13	128	6487	na	na
103	13	133	6590	na	na
104	13	155	2650	na	na
105	13	182	7966	na	na
106	13	187	3088	na	na
107	13	220	1549	na	na
108	13	336	6671	na	na
109	13	375	7194	na	na
110	13	387	4834	na	na
111	13	397	4120	na	na
112	14	35	7404	na	na
113	14	38	6270	na	na
114	14	61	5553	na	na
115	14	65	3658	na	na
116	14	95	5356	na	na
117	14	257	6801	na	na
118	14	260	5813	na	na
119	14	370	5526	na	na
120	14	394	1216	na	na
121	15	71	5213	na	na
122	15	131	7442	na	na
123	15	134	1721	na	na
124	15	153	7286	na	na
125	15	252	6095	na	na
126	15	303	6533	na	na
127	15	311	5045	na	na
128	15	350	2880	na	na
129	16	158	3306	na	na
130	16	262	5478	na	na
131	16	284	6597	na	na
132	16	291	7897	na	na
133	16	358	7786	na	na
134	16	384	7620	na	na
135	17	86	6769	na	na
136	17	209	4607	na	na
137	17	231	4560	na	na
138	17	248	2993	na	na
139	17	256	7390	na	na
140	17	272	4642	na	na
141	17	300	7077	na	na
142	17	385	6304	na	na
143	18	39	4535	na	na
144	18	44	2330	na	na
145	18	47	4401	na	na
146	18	76	7979	na	na
147	18	113	6755	na	na
148	18	163	5742	na	na
149	18	199	6793	na	na
150	18	200	6764	na	na
151	18	238	6787	na	na
152	18	374	6679	na	na
153	19	23	3575	na	na
154	19	142	7071	na	na
155	19	237	6731	na	na
156	19	271	5124	na	na
157	19	346	6288	na	na
158	20	51	4395	na	na
159	20	92	2732	na	na
160	20	130	2456	na	na
161	20	133	3585	na	na
162	20	220	6241	na	na
163	20	319	7541	na	na
164	20	324	5574	na	na
165	20	375	7675	na	na
166	20	387	2476	na	na
167	20	397	5673	na	na
168	21	70	4626	na	na
169	21	88	5555	na	na
170	21	143	6339	na	na
171	21	184	3307	na	na
172	21	219	3910	na	na
173	21	239	5767	na	na
174	21	295	6638	na	na
175	22	63	3785	na	na
176	22	125	5939	na	na
177	22	151	6744	na	na
178	22	314	6842	na	na
179	22	326	7611	na	na
180	22	371	5794	na	na
181	23	46	5627	na	na
182	23	142	7742	na	na
183	23	237	7565	na	na
184	23	271	2058	na	na
185	23	346	4852	na	na
186	24	75	3913	na	na
187	24	137	7236	na	na
188	24	235	2967	na	na
189	24	335	2952	na	na
190	24	367	2979	na	na
191	25	53	7058	na	na
192	25	60	3181	na	na
193	25	227	7213	na	na
194	25	344	7395	na	na
195	26	41	6259	na	na
196	26	66	6633	na	na
197	26	99	5323	na	na
198	26	190	5285	na	na
199	26	256	7589	na	na
200	26	300	5002	na	na
201	26	352	5502	na	na
202	26	385	5220	na	na
203	27	174	6159	na	na
204	28	38	7934	na	na
205	28	105	3935	na	na
206	28	145	4983	na	na
207	28	148	5726	na	na
208	28	242	7696	na	na
209	28	250	1348	na	na
210	28	306	6985	na	na
211	28	365	7732	na	na
212	29	82	5904	na	na
213	29	155	1286	na	na
214	29	182	7682	na	na
215	29	187	4731	na	na
216	29	218	5004	na	na
217	29	220	5365	na	na
218	29	336	6595	na	na
219	29	375	5394	na	na
220	29	387	7527	na	na
221	29	397	4024	na	na
222	30	46	5984	na	na
223	30	84	7271	na	na
224	30	119	6744	na	na
225	30	191	6382	na	na
226	30	271	7891	na	na
227	30	283	5856	na	na
228	31	81	7926	na	na
229	31	143	6768	na	na
230	31	168	4502	na	na
231	31	194	7632	na	na
232	31	216	4520	na	na
233	31	239	5698	na	na
234	31	259	2590	na	na
235	31	380	5427	na	na
236	32	58	6690	na	na
237	32	83	6581	na	na
238	32	94	5768	na	na
239	32	197	7976	na	na
240	32	230	7251	na	na
241	32	233	5672	na	na
242	32	322	5007	na	na
243	33	71	5936	na	na
244	33	108	6922	na	na
245	33	131	5647	na	na
246	33	169	6115	na	na
247	33	252	7461	na	na
248	33	310	3487	na	na
249	33	329	6628	na	na
250	33	364	3558	na	na
251	34	90	5864	na	na
252	34	185	5453	na	na
253	34	189	3221	na	na
254	34	258	3242	na	na
255	34	328	5599	na	na
256	34	347	1641	na	na
257	35	38	7549	na	na
258	35	65	4099	na	na
259	35	82	4039	na	na
260	35	95	2673	na	na
261	35	116	4207	na	na
262	35	218	6551	na	na
263	35	257	6129	na	na
264	35	260	3391	na	na
265	35	353	4404	na	na
266	35	370	6213	na	na
267	35	394	6875	na	na
268	36	183	5692	na	na
269	36	253	7360	na	na
270	36	269	4350	na	na
271	36	289	5768	na	na
272	36	323	7993	na	na
273	36	389	7288	na	na
274	37	41	5147	na	na
275	37	99	6468	na	na
276	37	160	7232	na	na
277	37	190	7196	na	na
278	37	207	2963	na	na
279	37	213	3166	na	na
280	37	247	2027	na	na
281	37	274	2622	na	na
282	37	299	5066	na	na
283	37	339	7475	na	na
284	37	352	7382	na	na
285	38	65	4690	na	na
286	38	95	5049	na	na
287	38	148	5283	na	na
288	38	250	7257	na	na
289	38	370	1374	na	na
290	38	394	5064	na	na
291	39	44	6853	na	na
292	39	47	5660	na	na
293	39	76	3646	na	na
294	39	172	7608	na	na
295	39	199	4564	na	na
296	39	200	7007	na	na
297	39	238	2787	na	na
298	39	374	7948	na	na
299	40	54	7720	na	na
300	40	102	3968	na	na
301	40	152	7052	na	na
302	40	161	3199	na	na
303	40	296	6535	na	na
304	40	312	4295	na	na
305	40	322	7754	na	na
306	40	398	4132	na	na
307	41	99	1351	na	na
308	41	160	5294	na	na
309	41	190	6461	na	na
310	41	207	5282	na	na
311	41	213	6150	na	na
312	41	247	6498	na	na
313	41	274	5674	na	na
314	41	352	6784	na	na
315	42	67	6765	na	na
316	42	115	2866	na	na
317	42	203	7995	na	na
318	42	266	6367	na	na
319	42	302	6241	na	na
320	42	315	5131	na	na
321	42	390	6426	na	na
322	42	391	4601	na	na
323	43	64	4738	na	na
324	43	170	6236	na	na
325	43	212	5900	na	na
326	43	226	2706	na	na
327	43	254	7435	na	na
328	43	263	5749	na	na
329	43	267	4500	na	na
330	43	320	7360	na	na
331	43	342	2183	na	na
332	43	376	7029	na	na
333	44	47	5124	na	na
334	44	113	6705	na	na
335	44	157	7861	na	na
336	44	163	4685	na	na
337	44	200	7989	na	na
338	44	374	6862	na	na
339	45	173	7410	na	na
340	45	226	7128	na	na
341	45	229	2899	na	na
342	45	254	2838	na	na
343	45	263	6862	na	na
344	45	297	1196	na	na
345	45	351	2346	na	na
346	46	119	5077	na	na
347	46	191	2584	na	na
348	46	205	6963	na	na
349	46	271	3743	na	na
350	47	76	7466	na	na
351	47	113	2763	na	na
352	47	163	3844	na	na
353	47	199	4192	na	na
354	47	210	7911	na	na
355	47	243	7235	na	na
356	47	374	2449	na	na
357	47	392	5575	na	na
358	48	49	3976	na	na
359	48	51	7195	na	na
360	48	62	6562	na	na
361	48	92	7988	na	na
362	48	133	6589	na	na
363	48	159	2515	na	na
364	48	279	4146	na	na
365	48	319	1073	na	na
366	48	324	4633	na	na
367	48	369	4817	na	na
368	48	382	7747	na	na
369	49	62	4887	na	na
370	49	104	4300	na	na
371	49	159	6479	na	na
372	49	204	6456	na	na
373	49	253	6644	na	na
374	49	279	6371	na	na
375	49	290	5539	na	na
376	49	319	4384	na	na
377	49	324	4465	na	na
378	49	389	6393	na	na
379	50	80	3222	na	na
380	50	164	4622	na	na
381	50	340	6873	na	na
382	51	92	1796	na	na
383	51	128	5132	na	na
384	51	130	6763	na	na
385	51	133	1133	na	na
386	51	159	6271	na	na
387	51	220	4316	na	na
388	51	319	6224	na	na
389	51	324	6851	na	na
390	51	387	2992	na	na
391	51	397	7108	na	na
392	52	69	3949	na	na
393	52	111	7618	na	na
394	52	137	6667	na	na
395	52	147	2391	na	na
396	52	181	3719	na	na
397	52	246	1648	na	na
398	52	305	7218	na	na
399	53	60	4048	na	na
400	53	101	5879	na	na
401	53	334	6777	na	na
402	53	344	4053	na	na
403	54	67	5967	na	na
404	54	141	6976	na	na
405	54	188	6521	na	na
406	54	203	5664	na	na
407	54	390	5490	na	na
408	55	63	5134	na	na
409	55	97	2869	na	na
410	55	101	3979	na	na
411	55	192	6917	na	na
412	55	236	873	na	na
413	55	281	592	na	na
414	55	314	3447	na	na
415	55	326	1433	na	na
416	55	400	2306	na	na
417	56	117	7593	na	na
418	56	154	4920	na	na
419	56	178	7871	na	na
420	56	225	7259	na	na
421	56	232	5435	na	na
422	56	363	7509	na	na
423	57	94	7412	na	na
424	57	262	6058	na	na
425	57	284	5950	na	na
426	57	288	7219	na	na
427	57	307	6499	na	na
428	58	83	7305	na	na
429	58	106	7712	na	na
430	58	197	1453	na	na
431	58	214	2506	na	na
432	58	230	6885	na	na
433	58	233	1416	na	na
434	58	268	7570	na	na
435	58	273	6262	na	na
436	58	359	3735	na	na
437	59	124	5297	na	na
438	59	126	6264	na	na
439	59	156	6236	na	na
440	59	215	5679	na	na
441	59	287	3512	na	na
442	59	316	1879	na	na
443	59	317	7861	na	na
444	60	192	7418	na	na
445	60	344	5698	na	na
446	61	107	5418	na	na
447	61	127	2862	na	na
448	61	257	7409	na	na
449	61	261	5173	na	na
450	61	277	7208	na	na
451	61	394	6767	na	na
452	62	104	5616	na	na
453	62	176	5320	na	na
454	62	253	4659	na	na
455	62	279	5419	na	na
456	62	289	7486	na	na
457	62	290	7685	na	na
458	62	319	7537	na	na
459	62	348	7836	na	na
460	62	379	3987	na	na
461	62	381	7426	na	na
462	62	389	6132	na	na
463	63	97	7024	na	na
464	63	125	7691	na	na
465	63	236	5627	na	na
466	63	281	4775	na	na
467	63	314	4336	na	na
468	63	326	3888	na	na
469	63	371	5553	na	na
470	63	400	4259	na	na
471	64	120	3626	na	na
472	64	167	4106	na	na
473	64	170	2841	na	na
474	64	212	7213	na	na
475	64	226	7367	na	na
476	64	267	5747	na	na
477	64	342	4131	na	na
478	64	376	2754	na	na
479	65	82	7723	na	na
480	65	95	1711	na	na
481	65	116	7449	na	na
482	65	257	6486	na	na
483	65	260	4123	na	na
484	65	370	3394	na	na
485	65	394	2862	na	na
486	66	87	6614	na	na
487	66	169	7250	na	na
488	66	190	7889	na	na
489	66	248	7310	na	na
490	66	256	2600	na	na
491	66	272	7062	na	na
492	66	294	7471	na	na
493	66	352	7800	na	na
494	66	388	2198	na	na
495	67	188	6672	na	na
496	67	203	7181	na	na
497	67	251	4624	na	na
498	67	307	7014	na	na
499	67	390	5422	na	na
500	67	391	2616	na	na
501	68	100	3174	na	na
502	68	111	7795	na	na
503	68	166	3252	na	na
504	68	177	6802	na	na
505	68	217	4647	na	na
506	68	222	3516	na	na
507	68	227	6825	na	na
508	68	396	4378	na	na
509	69	100	6879	na	na
510	69	147	5670	na	na
511	69	150	6812	na	na
512	69	181	7657	na	na
513	69	246	5166	na	na
514	69	305	7782	na	na
515	69	396	7341	na	na
516	70	88	3045	na	na
517	70	143	6032	na	na
518	70	184	7240	na	na
519	70	219	5557	na	na
520	70	295	2467	na	na
521	70	360	4754	na	na
522	71	134	4058	na	na
523	71	153	6992	na	na
524	71	157	7338	na	na
525	71	252	1798	na	na
526	71	293	4601	na	na
527	71	310	4108	na	na
528	71	313	5294	na	na
529	71	329	7429	na	na
530	71	350	3212	na	na
531	71	364	5345	na	na
532	72	93	7172	na	na
533	72	109	6641	na	na
534	72	140	7824	na	na
535	72	208	7507	na	na
536	72	240	6481	na	na
537	72	265	4667	na	na
538	72	270	929	na	na
539	72	301	5792	na	na
540	72	321	3646	na	na
541	72	333	6259	na	na
542	73	121	3653	na	na
543	73	227	5924	na	na
544	74	83	6460	na	na
545	74	180	7872	na	na
546	74	230	6420	na	na
547	74	241	1905	na	na
548	74	249	5532	na	na
549	74	264	6107	na	na
550	74	268	5658	na	na
551	74	275	4939	na	na
552	74	323	3931	na	na
553	74	395	7192	na	na
554	75	137	5336	na	na
555	75	181	5542	na	na
556	75	235	5622	na	na
557	75	246	7331	na	na
558	75	335	1160	na	na
559	75	367	4265	na	na
560	76	172	4850	na	na
561	76	199	4042	na	na
562	76	210	7396	na	na
563	76	238	3812	na	na
564	77	124	5700	na	na
565	77	142	4822	na	na
566	77	202	1943	na	na
567	77	215	4596	na	na
568	77	237	5245	na	na
569	77	301	3413	na	na
570	77	346	5234	na	na
571	78	148	5441	na	na
572	78	357	1354	na	na
573	78	365	3720	na	na
574	78	373	4794	na	na
575	78	378	2406	na	na
576	79	109	3780	na	na
577	79	110	5167	na	na
578	79	140	6356	na	na
579	79	240	4642	na	na
580	79	321	6964	na	na
581	79	377	7043	na	na
582	79	383	6478	na	na
583	80	164	7513	na	na
584	80	276	5984	na	na
585	81	196	7454	na	na
586	81	216	3406	na	na
587	81	278	5521	na	na
588	81	355	7366	na	na
589	82	95	6032	na	na
590	82	116	5800	na	na
591	82	155	7157	na	na
592	82	201	7611	na	na
593	82	218	3821	na	na
594	82	260	7193	na	na
595	82	291	7790	na	na
596	82	353	4532	na	na
597	82	375	7091	na	na
598	83	94	6563	na	na
599	83	197	7536	na	na
600	83	214	7080	na	na
601	83	230	1150	na	na
602	83	233	5958	na	na
603	83	241	6311	na	na
604	83	264	7405	na	na
605	83	268	1658	na	na
606	83	275	5852	na	na
607	83	359	7934	na	na
608	83	395	6897	na	na
609	84	119	3856	na	na
610	84	191	6286	na	na
611	84	283	4281	na	na
612	84	330	5422	na	na
613	85	182	4920	na	na
614	85	336	6013	na	na
615	85	373	3923	na	na
616	86	98	3500	na	na
617	86	123	3319	na	na
618	86	209	4546	na	na
619	86	231	7477	na	na
620	87	190	6806	na	na
621	87	234	3114	na	na
622	87	294	894	na	na
623	87	352	6496	na	na
624	87	360	7260	na	na
625	87	388	5634	na	na
626	88	143	3298	na	na
627	88	168	7606	na	na
628	88	184	6839	na	na
629	88	219	7989	na	na
630	88	234	7684	na	na
631	88	239	7780	na	na
632	88	259	7815	na	na
633	88	295	2225	na	na
634	88	360	5034	na	na
635	88	380	6502	na	na
636	89	206	2627	na	na
637	89	325	2323	na	na
638	90	185	5601	na	na
639	90	189	2664	na	na
640	90	347	7363	na	na
641	91	97	6558	na	na
642	91	144	7048	na	na
643	91	171	5795	na	na
644	91	175	7097	na	na
645	91	244	6132	na	na
646	91	304	7654	na	na
647	91	399	7316	na	na
648	91	400	7496	na	na
649	92	128	6659	na	na
650	92	130	5006	na	na
651	92	133	1498	na	na
652	92	155	7396	na	na
653	92	159	7551	na	na
654	92	220	4201	na	na
655	92	319	6937	na	na
656	92	324	6508	na	na
657	92	387	1348	na	na
658	92	397	5745	na	na
659	93	103	7368	na	na
660	93	270	6344	na	na
661	93	301	7756	na	na
662	93	333	3817	na	na
663	94	230	7708	na	na
664	94	249	7445	na	na
665	94	264	6134	na	na
666	95	116	6559	na	na
667	95	257	6782	na	na
668	95	260	4032	na	na
669	95	353	7043	na	na
670	95	370	3678	na	na
671	95	394	4564	na	na
672	96	280	985	na	na
673	96	334	7982	na	na
674	96	344	4397	na	na
675	97	101	2992	na	na
676	97	171	5565	na	na
677	97	236	1995	na	na
678	97	281	3454	na	na
679	97	314	6314	na	na
680	97	326	3309	na	na
681	97	400	2817	na	na
682	98	123	5342	na	na
683	98	209	7821	na	na
684	98	338	5522	na	na
685	99	160	5815	na	na
686	99	190	6615	na	na
687	99	207	6286	na	na
688	99	213	7452	na	na
689	99	247	7849	na	na
690	99	274	6995	na	na
691	99	352	6946	na	na
692	100	166	2632	na	na
693	100	217	5748	na	na
694	100	222	6105	na	na
695	100	396	4997	na	na
696	101	171	5448	na	na
697	101	175	7781	na	na
698	101	236	3459	na	na
699	101	281	4457	na	na
700	101	314	6858	na	na
701	101	326	5199	na	na
702	101	334	7317	na	na
703	101	356	7433	na	na
704	101	400	5335	na	na
705	102	152	4575	na	na
706	102	161	4089	na	na
707	102	285	5297	na	na
708	102	286	7244	na	na
709	102	296	4069	na	na
710	102	312	6488	na	na
711	102	331	7818	na	na
712	102	398	6022	na	na
713	103	140	7555	na	na
714	103	208	3380	na	na
715	103	263	7318	na	na
716	103	265	5001	na	na
717	103	270	7484	na	na
718	103	308	5119	na	na
719	103	321	7180	na	na
720	103	333	3639	na	na
721	104	204	3532	na	na
722	104	253	3667	na	na
723	104	290	2079	na	na
724	104	324	7727	na	na
725	104	389	2315	na	na
726	105	145	1252	na	na
727	105	242	4018	na	na
728	105	250	4713	na	na
729	105	306	6684	na	na
730	106	273	3329	na	na
731	106	285	7205	na	na
732	106	286	6056	na	na
733	107	127	4085	na	na
734	107	261	5055	na	na
735	107	277	3023	na	na
736	107	332	5866	na	na
737	107	386	7915	na	na
738	108	131	7047	na	na
739	108	165	4049	na	na
740	108	169	2792	na	na
741	108	186	3855	na	na
742	108	256	7596	na	na
743	108	272	7917	na	na
744	108	341	5274	na	na
745	108	388	6808	na	na
746	109	140	3189	na	na
747	109	208	6633	na	na
748	109	240	934	na	na
749	109	265	4871	na	na
750	109	270	7026	na	na
751	109	321	3429	na	na
752	110	152	6676	na	na
753	110	318	7313	na	na
754	110	331	3427	na	na
755	110	377	2877	na	na
756	110	383	1814	na	na
757	111	137	3639	na	na
758	111	177	7564	na	na
759	111	217	3171	na	na
760	111	246	6522	na	na
761	111	367	7589	na	na
762	111	396	3509	na	na
763	112	135	5774	na	na
764	112	196	7276	na	na
765	112	224	3177	na	na
766	112	325	6217	na	na
767	112	355	6845	na	na
768	113	138	7963	na	na
769	113	163	3054	na	na
770	113	199	5934	na	na
771	113	243	4478	na	na
772	113	374	676	na	na
773	113	392	5089	na	na
774	114	174	3273	na	na
775	114	255	7945	na	na
776	114	332	7996	na	na
777	114	345	2743	na	na
778	114	372	5010	na	na
779	115	122	6929	na	na
780	115	266	7159	na	na
781	115	302	4060	na	na
782	115	315	5941	na	na
783	115	366	6805	na	na
784	115	390	7423	na	na
785	115	391	7384	na	na
786	116	201	5940	na	na
787	116	218	5520	na	na
788	116	257	4821	na	na
789	116	260	3945	na	na
790	116	291	5561	na	na
791	116	353	1844	na	na
792	116	358	7738	na	na
793	116	375	7968	na	na
794	117	232	6214	na	na
795	117	304	6703	na	na
796	117	363	2876	na	na
797	118	146	7545	na	na
798	118	179	4894	na	na
799	118	198	624	na	na
800	118	305	2670	na	na
801	118	349	5246	na	na
802	119	191	2606	na	na
803	119	205	6740	na	na
804	119	283	7060	na	na
805	120	167	1322	na	na
806	120	170	3291	na	na
807	120	342	7690	na	na
808	120	376	3011	na	na
809	121	177	6384	na	na
810	121	222	6574	na	na
811	121	227	2884	na	na
812	122	243	5337	na	na
813	122	266	7325	na	na
814	122	315	7008	na	na
815	122	362	2364	na	na
816	123	209	6259	na	na
817	124	142	5493	na	na
818	124	202	7182	na	na
819	124	215	2738	na	na
820	124	237	5749	na	na
821	124	287	2555	na	na
822	124	301	7439	na	na
823	124	316	6237	na	na
824	125	151	3126	na	na
825	125	200	7712	na	na
826	125	371	3545	na	na
827	126	156	5339	na	na
828	126	203	7397	na	na
829	126	287	6534	na	na
830	126	302	5275	na	na
831	126	316	7887	na	na
832	126	366	2541	na	na
833	127	221	6640	na	na
834	127	257	7557	na	na
835	127	261	2391	na	na
836	127	277	6797	na	na
837	127	298	6848	na	na
838	128	133	6212	na	na
839	128	159	7876	na	na
840	128	187	6537	na	na
841	128	220	5394	na	na
842	128	382	7298	na	na
843	128	387	7358	na	na
844	129	195	3481	na	na
845	129	258	6314	na	na
846	129	282	1114	na	na
847	129	292	6820	na	na
848	129	328	5534	na	na
849	129	343	2701	na	na
850	129	347	7977	na	na
851	130	133	6028	na	na
852	130	220	7673	na	na
853	130	324	6925	na	na
854	130	375	6337	na	na
855	130	387	4271	na	na
856	130	397	5433	na	na
857	132	251	7214	na	na
858	132	266	5242	na	na
859	132	315	5698	na	na
860	132	368	6070	na	na
861	132	384	6845	na	na
862	132	391	7932	na	na
863	133	159	6053	na	na
864	133	220	5124	na	na
865	133	319	5560	na	na
866	133	324	5766	na	na
867	133	387	2846	na	na
868	133	397	7234	na	na
869	134	153	5776	na	na
870	134	252	4584	na	na
871	134	293	7600	na	na
872	134	303	7087	na	na
873	134	310	7992	na	na
874	134	311	5295	na	na
875	134	350	1192	na	na
876	135	196	5385	na	na
877	135	224	2598	na	na
878	135	355	6665	na	na
879	136	209	5143	na	na
880	136	231	3701	na	na
881	136	300	7829	na	na
882	136	361	2391	na	na
883	136	385	7879	na	na
884	137	181	5694	na	na
885	137	217	6755	na	na
886	137	235	6436	na	na
887	137	246	5092	na	na
888	137	335	5116	na	na
889	137	367	4846	na	na
890	137	396	6908	na	na
891	138	172	5149	na	na
892	138	199	6500	na	na
893	138	210	2163	na	na
894	138	362	7766	na	na
895	138	374	7434	na	na
896	138	386	5693	na	na
897	138	392	3007	na	na
898	139	140	7961	na	na
899	139	164	7790	na	na
900	139	173	4829	na	na
901	139	193	3054	na	na
902	139	308	5682	na	na
903	139	309	4638	na	na
904	139	340	5536	na	na
905	140	164	7879	na	na
906	140	208	4210	na	na
907	140	240	2359	na	na
908	140	265	3999	na	na
909	140	270	7833	na	na
910	140	308	6993	na	na
911	140	321	4195	na	na
912	141	161	7939	na	na
913	141	188	2917	na	na
914	141	312	5483	na	na
915	141	322	7555	na	na
916	141	398	6034	na	na
917	142	202	4589	na	na
918	142	215	6698	na	na
919	142	237	431	na	na
920	142	287	7588	na	na
921	142	346	4256	na	na
922	143	168	4633	na	na
923	143	184	5864	na	na
924	143	239	5657	na	na
925	143	259	4683	na	na
926	143	295	5464	na	na
927	143	380	3740	na	na
928	144	184	7736	na	na
929	144	239	7840	na	na
930	144	244	1012	na	na
931	144	337	1221	na	na
932	144	399	2019	na	na
933	145	146	7609	na	na
934	145	179	7261	na	na
935	145	242	3715	na	na
936	145	250	5564	na	na
937	145	306	6250	na	na
938	146	150	7911	na	na
939	146	198	7248	na	na
940	146	306	3836	na	na
941	146	354	5239	na	na
942	147	181	3321	na	na
943	147	246	3236	na	na
944	147	305	5678	na	na
945	147	349	7390	na	na
946	148	250	6047	na	na
947	148	357	6687	na	na
948	148	365	6657	na	na
949	148	370	6141	na	na
950	148	378	4837	na	na
951	149	176	3091	na	na
952	149	223	6833	na	na
953	149	279	6735	na	na
954	149	369	7937	na	na
955	149	379	5734	na	na
956	150	255	6483	na	na
957	151	238	6997	na	na
958	151	371	6579	na	na
959	152	331	3254	na	na
960	152	377	5847	na	na
961	152	383	5681	na	na
962	153	157	7247	na	na
963	153	243	7828	na	na
964	153	252	5719	na	na
965	153	293	6696	na	na
966	153	311	6768	na	na
967	153	350	5097	na	na
968	154	178	3429	na	na
969	154	225	3333	na	na
970	154	232	3280	na	na
971	154	363	7315	na	na
972	155	182	7830	na	na
973	155	187	4082	na	na
974	155	218	5849	na	na
975	155	220	4087	na	na
976	155	336	6635	na	na
977	155	375	5504	na	na
978	155	387	6353	na	na
979	155	397	3356	na	na
980	156	203	5234	na	na
981	156	316	6669	na	na
982	156	317	5478	na	na
983	156	318	7046	na	na
984	156	366	6894	na	na
985	156	390	7139	na	na
986	157	163	6028	na	na
987	157	252	5699	na	na
988	157	293	2809	na	na
989	157	313	3511	na	na
990	157	329	7848	na	na
991	158	262	4166	na	na
992	158	284	6016	na	na
993	159	279	4016	na	na
994	159	319	2595	na	na
995	159	324	6429	na	na
996	159	369	3006	na	na
997	159	382	5398	na	na
998	160	213	5487	na	na
999	160	247	7052	na	na
1000	160	274	5508	na	na
1001	161	285	6532	na	na
1002	161	286	6346	na	na
1003	161	296	4203	na	na
1004	161	312	2472	na	na
1005	161	322	4668	na	na
1006	161	398	1959	na	na
1007	162	185	6288	na	na
1008	163	199	7990	na	na
1009	163	243	5943	na	na
1010	163	374	3589	na	na
1011	164	309	7684	na	na
1012	164	340	4801	na	na
1013	165	169	6752	na	na
1014	165	186	1554	na	na
1015	165	272	6197	na	na
1016	165	341	1242	na	na
1017	166	217	7461	na	na
1018	166	222	4501	na	na
1019	166	396	6918	na	na
1020	167	170	2722	na	na
1021	167	267	7607	na	na
1022	167	376	4207	na	na
1023	168	194	6344	na	na
1024	168	239	7627	na	na
1025	168	259	4456	na	na
1026	168	339	5448	na	na
1027	168	380	1232	na	na
1028	169	186	6228	na	na
1029	169	256	7478	na	na
1030	169	341	7993	na	na
1031	169	388	5284	na	na
1032	170	267	4898	na	na
1033	170	342	6472	na	na
1034	170	376	4692	na	na
1035	171	175	2596	na	na
1036	171	211	6552	na	na
1037	171	236	7447	na	na
1038	171	304	4436	na	na
1039	171	334	6289	na	na
1040	171	356	3577	na	na
1041	172	199	4093	na	na
1042	172	210	2988	na	na
1043	172	386	3963	na	na
1044	172	392	5126	na	na
1045	173	193	2745	na	na
1046	173	254	6924	na	na
1047	173	308	5494	na	na
1048	173	309	7630	na	na
1049	173	351	6314	na	na
1050	174	332	7443	na	na
1051	174	345	3305	na	na
1052	174	372	7994	na	na
1053	175	211	5227	na	na
1054	175	304	2007	na	na
1055	175	334	6004	na	na
1056	175	356	2276	na	na
1057	175	363	6568	na	na
1058	176	223	6000	na	na
1059	176	279	4878	na	na
1060	176	348	7751	na	na
1061	176	369	7066	na	na
1062	176	379	3131	na	na
1063	177	217	5888	na	na
1064	177	222	6941	na	na
1065	177	227	6354	na	na
1066	177	396	6700	na	na
1067	178	211	6070	na	na
1068	178	225	1085	na	na
1069	178	232	3359	na	na
1070	178	356	7823	na	na
1071	178	363	6793	na	na
1072	179	198	4415	na	na
1073	179	242	5700	na	na
1074	179	305	7403	na	na
1075	179	349	6339	na	na
1076	180	204	4851	na	na
1077	180	249	5551	na	na
1078	180	264	6807	na	na
1079	180	290	6316	na	na
1080	180	323	6061	na	na
1081	181	246	2770	na	na
1082	181	335	6427	na	na
1083	182	187	5003	na	na
1084	182	336	1295	na	na
1085	182	373	5559	na	na
1086	182	378	7560	na	na
1087	183	269	1604	na	na
1088	184	219	6943	na	na
1089	184	239	2599	na	na
1090	184	259	5677	na	na
1091	184	337	6620	na	na
1092	185	189	4459	na	na
1093	185	347	6900	na	na
1094	186	248	6699	na	na
1095	186	256	6683	na	na
1096	186	272	4869	na	na
1097	186	341	2418	na	na
1098	186	388	7946	na	na
1099	187	220	4041	na	na
1100	187	336	3718	na	na
1101	187	387	7769	na	na
1102	187	397	6876	na	na
1103	188	251	7492	na	na
1104	188	307	5932	na	na
1105	189	258	6068	na	na
1106	189	347	4776	na	na
1107	190	207	4413	na	na
1108	190	234	7008	na	na
1109	190	294	6869	na	na
1110	190	339	7452	na	na
1111	190	352	331	na	na
1112	191	205	5824	na	na
1113	191	245	7462	na	na
1114	191	271	6289	na	na
1115	192	236	7655	na	na
1116	192	281	6502	na	na
1117	192	314	4655	na	na
1118	192	326	7718	na	na
1119	193	308	6637	na	na
1120	193	309	4885	na	na
1121	193	340	7156	na	na
1122	194	216	7679	na	na
1123	194	278	7346	na	na
1124	194	299	4403	na	na
1125	194	339	5869	na	na
1126	194	380	7314	na	na
1127	195	258	5435	na	na
1128	195	282	2391	na	na
1129	195	328	2894	na	na
1130	195	343	5620	na	na
1131	195	347	6622	na	na
1132	196	224	5673	na	na
1133	196	278	6708	na	na
1134	196	355	2019	na	na
1135	197	214	1221	na	na
1136	197	230	6909	na	na
1137	197	233	2348	na	na
1138	197	268	7479	na	na
1139	197	273	7296	na	na
1140	197	359	2306	na	na
1141	198	305	3282	na	na
1142	198	349	5538	na	na
1143	199	210	4949	na	na
1144	199	238	6678	na	na
1145	199	374	5288	na	na
1146	199	386	7985	na	na
1147	199	392	4325	na	na
1148	200	238	6432	na	na
1149	201	218	4075	na	na
1150	201	291	688	na	na
1151	201	353	4713	na	na
1152	201	375	3249	na	na
1153	201	397	6528	na	na
1154	202	215	6473	na	na
1155	202	237	4949	na	na
1156	202	301	4688	na	na
1157	202	346	3500	na	na
1158	203	302	7151	na	na
1159	203	366	7064	na	na
1160	203	390	1933	na	na
1161	203	391	7948	na	na
1162	204	253	6689	na	na
1163	204	290	1476	na	na
1164	204	323	6551	na	na
1165	204	389	4567	na	na
1166	205	245	2193	na	na
1167	205	327	7579	na	na
1168	205	338	5940	na	na
1169	206	325	2255	na	na
1170	207	213	6097	na	na
1171	207	247	4919	na	na
1172	207	274	5529	na	na
1173	207	299	6527	na	na
1174	207	339	5795	na	na
1175	207	352	4551	na	na
1176	208	240	5707	na	na
1177	208	265	2968	na	na
1178	208	270	7021	na	na
1179	208	308	4357	na	na
1180	208	321	5034	na	na
1181	208	333	5770	na	na
1182	209	231	2988	na	na
1183	209	248	7589	na	na
1184	209	361	4940	na	na
1185	210	374	7413	na	na
1186	210	386	4416	na	na
1187	210	392	3067	na	na
1188	211	225	6197	na	na
1189	211	232	7865	na	na
1190	211	304	5982	na	na
1191	211	334	2549	na	na
1192	211	356	3082	na	na
1193	212	226	7374	na	na
1194	212	229	7544	na	na
1195	212	320	1462	na	na
1196	212	342	4006	na	na
1197	212	376	7419	na	na
1198	212	393	3679	na	na
1199	213	247	1786	na	na
1200	213	274	594	na	na
1201	213	299	5781	na	na
1202	214	230	6308	na	na
1203	214	233	2904	na	na
1204	214	268	6778	na	na
1205	214	359	1350	na	na
1206	214	395	7219	na	na
1207	215	237	7067	na	na
1208	215	287	4544	na	na
1209	215	301	5144	na	na
1210	215	316	5757	na	na
1211	216	259	6992	na	na
1212	216	278	7083	na	na
1213	217	222	7573	na	na
1214	217	396	942	na	na
1215	218	291	4435	na	na
1216	218	353	3675	na	na
1217	218	375	3375	na	na
1218	218	397	5564	na	na
1219	220	336	7756	na	na
1220	220	375	7877	na	na
1221	220	387	3770	na	na
1222	220	397	4601	na	na
1223	221	257	6503	na	na
1224	221	261	4710	na	na
1225	221	298	3047	na	na
1226	221	358	5685	na	na
1227	222	227	3792	na	na
1228	222	396	7577	na	na
1229	223	289	7540	na	na
1230	223	348	2931	na	na
1231	223	379	4258	na	na
1232	223	381	4571	na	na
1233	224	355	6166	na	na
1234	225	232	2351	na	na
1235	225	304	7271	na	na
1236	225	356	7530	na	na
1237	225	363	5723	na	na
1238	226	254	5057	na	na
1239	226	263	3119	na	na
1240	226	267	5085	na	na
1241	226	342	4546	na	na
1242	228	278	4040	na	na
1243	228	299	7943	na	na
1244	228	355	6809	na	na
1245	229	254	5282	na	na
1246	229	297	2024	na	na
1247	229	320	7881	na	na
1248	229	351	4122	na	na
1249	229	393	7208	na	na
1250	230	233	5632	na	na
1251	230	241	5932	na	na
1252	230	268	848	na	na
1253	230	275	4967	na	na
1254	230	359	7041	na	na
1255	230	395	5813	na	na
1256	231	248	7280	na	na
1257	231	300	5995	na	na
1258	231	361	4945	na	na
1259	231	385	5660	na	na
1260	232	304	7079	na	na
1261	232	363	4086	na	na
1262	233	268	6366	na	na
1263	233	273	7063	na	na
1264	233	359	4254	na	na
1265	234	294	2237	na	na
1266	234	295	7292	na	na
1267	234	339	6806	na	na
1268	234	352	6678	na	na
1269	234	360	6564	na	na
1270	234	380	7927	na	na
1271	235	335	4462	na	na
1272	235	367	1725	na	na
1273	236	281	1461	na	na
1274	236	314	4320	na	na
1275	236	326	1742	na	na
1276	236	400	2097	na	na
1277	237	287	7756	na	na
1278	237	346	4341	na	na
1279	239	259	3490	na	na
1280	239	337	6970	na	na
1281	239	380	7634	na	na
1282	240	265	4103	na	na
1283	240	270	6749	na	na
1284	240	321	2997	na	na
1285	241	249	7359	na	na
1286	241	264	7804	na	na
1287	241	268	5092	na	na
1288	241	275	3165	na	na
1289	241	323	4801	na	na
1290	241	395	5393	na	na
1291	243	362	4628	na	na
1292	243	374	4842	na	na
1293	243	392	6773	na	na
1294	244	337	2190	na	na
1295	244	399	2586	na	na
1296	245	338	4378	na	na
1297	246	335	7924	na	na
1298	246	396	7883	na	na
1299	247	274	1555	na	na
1300	247	299	4221	na	na
1301	248	256	4775	na	na
1302	248	272	1830	na	na
1303	248	300	7737	na	na
1304	248	385	6886	na	na
1305	249	264	1322	na	na
1306	249	323	6993	na	na
1307	250	306	6173	na	na
1308	251	288	6350	na	na
1309	251	307	3765	na	na
1310	251	391	4467	na	na
1311	252	293	3117	na	na
1312	252	310	4983	na	na
1313	252	313	4295	na	na
1314	252	329	7504	na	na
1315	252	350	3449	na	na
1316	252	364	6127	na	na
1317	253	289	4598	na	na
1318	253	290	5272	na	na
1319	253	348	7814	na	na
1320	253	379	6907	na	na
1321	253	381	6469	na	na
1322	253	389	2249	na	na
1323	254	263	4082	na	na
1324	254	297	4016	na	na
1325	254	351	4559	na	na
1326	255	354	6186	na	na
1327	256	272	4473	na	na
1328	256	385	7435	na	na
1329	256	388	3870	na	na
1330	257	260	2847	na	na
1331	257	261	7670	na	na
1332	257	353	6641	na	na
1333	257	358	7358	na	na
1334	257	394	7322	na	na
1335	258	282	6012	na	na
1336	258	328	3391	na	na
1337	258	347	1747	na	na
1338	259	380	4826	na	na
1339	260	353	5370	na	na
1340	260	370	7408	na	na
1341	260	394	5861	na	na
1342	261	298	4463	na	na
1343	261	386	7038	na	na
1344	262	284	2002	na	na
1345	262	288	4666	na	na
1346	262	384	7888	na	na
1347	263	267	6382	na	na
1348	263	297	7992	na	na
1349	263	308	7378	na	na
1350	263	342	7666	na	na
1351	265	270	4337	na	na
1352	265	308	7317	na	na
1353	265	321	2217	na	na
1354	265	333	5388	na	na
1355	266	315	1260	na	na
1356	266	362	6243	na	na
1357	267	342	6285	na	na
1358	268	275	4213	na	na
1359	268	359	7383	na	na
1360	268	395	5276	na	na
1361	270	301	5990	na	na
1362	270	321	3784	na	na
1363	270	333	5337	na	na
1364	271	346	6489	na	na
1365	272	341	6362	na	na
1366	272	388	7858	na	na
1367	273	285	5904	na	na
1368	273	286	3381	na	na
1369	273	296	6475	na	na
1370	273	322	7070	na	na
1371	274	299	5734	na	na
1372	275	323	7785	na	na
1373	275	395	2253	na	na
1374	277	332	2879	na	na
1375	277	345	7553	na	na
1376	278	355	5164	na	na
1377	279	319	5114	na	na
1378	279	369	2912	na	na
1379	279	379	6719	na	na
1380	279	382	6130	na	na
1381	280	344	5311	na	na
1382	281	314	2860	na	na
1383	281	326	1406	na	na
1384	281	400	2527	na	na
1385	282	292	7835	na	na
1386	282	328	4691	na	na
1387	282	343	3402	na	na
1388	282	347	7573	na	na
1389	284	288	2684	na	na
1390	284	307	6439	na	na
1391	284	368	7236	na	na
1392	284	384	6745	na	na
1393	285	286	3435	na	na
1394	285	296	2366	na	na
1395	285	322	7424	na	na
1396	286	296	3176	na	na
1397	286	312	7651	na	na
1398	286	322	4921	na	na
1399	286	398	7155	na	na
1400	287	316	5037	na	na
1401	288	307	4886	na	na
1402	288	368	5708	na	na
1403	288	384	5475	na	na
1404	289	348	4831	na	na
1405	289	379	7179	na	na
1406	289	381	3082	na	na
1407	289	389	6305	na	na
1408	290	323	7183	na	na
1409	290	324	7909	na	na
1410	290	389	3248	na	na
1411	291	353	4510	na	na
1412	291	375	3930	na	na
1413	291	397	7214	na	na
1414	292	343	4803	na	na
1415	293	310	5677	na	na
1416	293	313	1868	na	na
1417	293	329	6333	na	na
1418	293	350	6420	na	na
1419	293	364	6410	na	na
1420	294	352	6547	na	na
1421	294	360	6786	na	na
1422	294	388	6529	na	na
1423	295	360	2922	na	na
1424	296	312	6283	na	na
1425	296	322	5507	na	na
1426	296	398	5718	na	na
1427	297	351	2217	na	na
1428	298	386	5596	na	na
1429	299	339	6634	na	na
1430	300	385	851	na	na
1431	302	366	2764	na	na
1432	302	390	7067	na	na
1433	303	311	1976	na	na
1434	303	350	7954	na	na
1435	304	334	7393	na	na
1436	304	356	3654	na	na
1437	304	363	4607	na	na
1438	305	349	5363	na	na
1439	306	354	5014	na	na
1440	307	391	7885	na	na
1441	309	340	3067	na	na
1442	310	313	4873	na	na
1443	310	329	3995	na	na
1444	310	350	7291	na	na
1445	310	364	1242	na	na
1446	311	350	6066	na	na
1447	312	322	4152	na	na
1448	312	398	566	na	na
1449	313	329	4583	na	na
1450	313	350	7744	na	na
1451	313	364	5288	na	na
1452	314	326	3547	na	na
1453	314	400	4809	na	na
1454	315	362	6335	na	na
1455	315	391	7788	na	na
1456	316	317	6841	na	na
1457	316	318	6835	na	na
1458	317	318	1792	na	na
1459	317	377	6116	na	na
1460	318	331	7378	na	na
1461	318	377	4582	na	na
1462	319	324	3924	na	na
1463	319	369	5350	na	na
1464	319	382	7993	na	na
1465	320	342	5423	na	na
1466	320	393	2475	na	na
1467	321	333	6935	na	na
1468	322	398	3933	na	na
1469	323	389	7817	na	na
1470	324	387	7328	na	na
1471	326	400	1277	na	na
1472	328	347	4044	na	na
1473	329	360	6533	na	na
1474	329	364	3173	na	na
1475	331	377	3336	na	na
1476	331	383	2582	na	na
1477	332	345	5256	na	na
1478	334	344	6020	na	na
1479	334	356	3785	na	na
1480	335	367	3149	na	na
1481	336	373	6847	na	na
1482	337	399	2357	na	na
1483	338	341	7294	na	na
1484	339	352	7301	na	na
1485	339	380	5363	na	na
1486	342	376	5711	na	na
1487	342	393	7651	na	na
1488	345	372	5408	na	na
1489	348	379	5011	na	na
1490	348	381	1751	na	na
1491	353	375	6266	na	na
1492	356	363	7545	na	na
1493	357	365	3331	na	na
1494	357	373	4112	na	na
1495	357	378	3582	na	na
1496	358	368	7550	na	na
1497	358	384	7161	na	na
1498	359	395	6817	na	na
1499	362	392	7680	na	na
1500	365	373	7223	na	na
1501	365	378	5976	na	na
1502	366	390	7706	na	na
1503	368	384	793	na	na
1504	369	382	3332	na	na
1505	370	394	4315	na	na
1506	371	400	7741	na	na
1507	373	378	5383	na	na
1508	374	392	4509	na	na
1509	375	387	7260	na	na
1510	375	397	3299	na	na
1511	377	383	3911	na	na
1512	379	381	5481	na	na
1513	386	392	7481	na	na
1514	387	397	4423	na	na
1515	390	391	6016	na	na
ring
