node
#name	v	h	weight
1	0	0	97615
2	0	0	0
3	0	0	0
4	0	0	0
5	0	0	86921
6	0	0	0
7	0	0	73789
8	0	0	35009
9	0	0	0
10	0	0	75638
11	0	0	0
12	0	0	0
13	0	0	46710
14	0	0	0
15	0	0	0
16	0	0	83192
17	0	0	0
18	0	0	0
19	0	0	59700
20	0	0	96925
21	0	0	0
22	0	0	19830
23	0	0	0
24	0	0	0
25	0	0	0
26	0	0	0
27	0	0	0
28	0	0	0
29	0	0	0
30	0	0	58358
31	0	0	43526
32	0	0	29188
33	0	0	93145
34	0	0	0
35	0	0	0
36	0	0	0
37	0	0	0
38	0	0	0
39	0	0	0
40	0	0	0
41	0	0	0
42	0	0	60676
43	0	0	24834
44	0	0	0
45	0	0	0
46	0	0	0
47	0	0	0
48	0	0	0
49	0	0	75078
50	0	0	0
51	0	0	59647
52	0	0	0
53	0	0	18005
54	0	0	0
55	0	0	0
56	0	0	0
57	0	0	86615
58	0	0	83903
59	0	0	58149
60	0	0	0
61	0	0	98961
62	0	0	0
63	0	0	0
64	0	0	58750
65	0	0	0
66	0	0	0
67	0	0	52302
68	0	0	0
69	0	0	0
70	0	0	0
71	0	0	0
72	0	0	0
73	0	0	0
74	0	0	28510
75	0	0	0
76	0	0	0
77	0	0	0
78	0	0	93352
79	0	0	0
80	0	0	79968
81	0	0	0
82	0	0	0
83	0	0	0
84	0	0	0
85	0	0	0
86	0	0	47067
87	0	0	0
88	0	0	0
89	0	0	0
90	0	0	31498
91	0	0	0
92	0	0	83801
93	0	0	0
94	0	0	76278
95	0	0	0
96	0	0	0
97	0	0	0
98	0	0	0
99	0	0	97187
100	0	0	0
link
#link	x	y	length	RIN	notes
1	1	40	50955	na	na
2	1	49	80882	na	na
3	1	86	95574	na	na
4	2	15	55141	na	na
5	2	17	50716	na	na
6	2	37	56058	na	na
7	2	78	73811	na	na
8	3	13	72432	na	na
9	3	59	28517	na	na
10	3	64	25813	na	na
11	3	73	42504	na	na
12	3	78	78528	na	na
13	4	27	88501	na	na
14	4	28	20826	na	na
15	4	32	92522	na	na
16	4	55	70882	na	na
17	4	78	46015	na	na
18	4	98	48000	na	na
19	5	25	7989	na	na
20	5	40	15518	na	na
21	5	41	75654	na	na
22	5	55	27793	na	na
23	5	61	49552	na	na
24	5	65	64707	na	na
25	5	69	4864	na	na
26	5	84	50969	na	na
27	5	92	26824	na	na
28	6	8	77125	na	na
29	6	13	71749	na	na
30	6	17	91625	na	na
31	6	24	15746	na	na
32	6	35	76437	na	na
33	6	38	82181	na	na
34	6	45	33366	na	na
35	6	53	7832	na	na
36	6	64	8882	na	na
37	6	93	24212	na	na
38	7	62	57266	na	na
39	7	74	29066	na	na
40	7	75	27896	na	na
41	7	76	21803	na	na
42	7	81	62798	na	na
43	8	12	23646	na	na
44	8	51	90632	na	na
45	8	90	64966	na	na
46	9	34	64833	na	na
47	9	79	49919	na	na
48	9	82	69169	na	na
49	9	99	70689	na	na
50	10	22	44019	na	na
51	10	25	50902	na	na
52	10	49	27202	na	na
53	10	87	30165	na	na
54	11	39	90219	na	na
55	11	43	49429	na	na
56	11	74	61589	na	na
57	12	30	1643	na	na
58	12	45	18597	na	na
59	12	48	56730	na	na
60	12	54	15237	na	na
61	12	67	75710	na	na
62	12	70	97342	na	na
63	12	79	18908	na	na
64	12	91	31803	na	na
65	13	19	74327	na	na
66	13	26	9411	na	na
67	13	30	11796	na	na
68	13	53	94275	na	na
69	13	70	21553	na	na
70	13	77	81768	na	na
71	13	93	61666	na	na
72	14	16	51745	na	na
73	14	70	32815	na	na
74	15	26	40324	na	na
75	15	52	72445	na	na
76	15	73	66985	na	na
77	15	84	87529	na	na
78	16	19	17014	na	na
79	16	26	45963	na	na
80	16	41	78660	na	na
81	16	54	163	na	na
82	16	69	59513	na	na
83	16	75	68412	na	na
84	16	97	83485	na	na
85	17	51	40277	na	na
86	17	53	36910	na	na
87	17	62	26717	na	na
88	17	75	47197	na	na
89	17	93	30229	na	na
90	18	23	85866	na	na
91	18	30	21696	na	na
92	18	50	4513	na	na
93	18	53	1344	na	na
94	18	69	69365	na	na
95	18	75	29609	na	na
96	19	20	60801	na	na
97	19	32	39396	na	na
98	19	36	72518	na	na
99	19	51	74289	na	na
100	19	63	65776	na	na
101	19	73	17884	na	na
102	19	83	86195	na	na
103	20	32	68669	na	na
104	20	52	93634	na	na
105	20	58	20200	na	na
106	20	60	88869	na	na
107	20	61	10617	na	na
108	20	76	16987	na	na
109	20	81	96418	na	na
110	20	99	1208	na	na
111	21	23	19444	na	na
112	21	27	28192	na	na
113	21	89	26158	na	na
114	22	33	9416	na	na
115	22	50	33043	na	na
116	22	84	86729	na	na
117	22	92	79017	na	na
118	22	94	29394	na	na
119	23	54	10275	na	na
120	23	59	94224	na	na
121	23	63	8623	na	na
122	23	66	29571	na	na
123	23	76	34843	na	na
124	23	79	2753	na	na
125	23	91	44239	na	na
126	24	25	53440	na	na
127	24	27	88284	na	na
128	24	32	46602	na	na
129	24	41	76433	na	na
130	24	54	41579	na	na
131	24	64	92191	na	na
132	24	76	41898	na	na
133	24	83	16559	na	na
134	24	96	94711	na	na
135	25	45	72505	na	na
136	25	52	90821	na	na
137	25	73	16779	na	na
138	25	100	21227	na	na
139	26	40	66199	na	na
140	26	51	75335	na	na
141	26	52	52507	na	na
142	26	87	51797	na	na
143	26	99	96725	na	na
144	27	28	2930	na	na
145	27	45	32403	na	na
146	27	83	33630	na	na
147	27	89	49865	na	na
148	28	35	60761	na	na
149	28	38	57041	na	na
150	28	67	73455	na	na
151	28	76	99792	na	na
152	28	95	55140	na	na
153	28	96	67397	na	na
154	29	47	57708	na	na
155	29	56	23504	na	na
156	29	69	4388	na	na
157	29	92	40091	na	na
158	30	34	55667	na	na
159	30	45	30301	na	na
160	30	60	17474	na	na
161	30	62	73142	na	na
162	30	70	64889	na	na
163	30	72	95191	na	na
164	30	75	10708	na	na
165	30	79	85092	na	na
166	30	86	32277	na	na
167	30	97	73484	na	na
168	31	33	39702	na	na
169	31	67	80999	na	na
170	31	84	32401	na	na
171	31	87	39141	na	na
172	31	93	92341	na	na
173	32	37	70788	na	na
174	32	43	27715	na	na
175	32	55	48071	na	na
176	32	80	51108	na	na
177	32	89	14335	na	na
178	32	98	97231	na	na
179	33	39	77538	na	na
180	33	48	89355	na	na
181	33	57	10739	na	na
182	33	72	89290	na	na
183	34	51	34101	na	na
184	34	72	86296	na	na
185	34	80	79065	na	na
186	34	94	46513	na	na
187	34	98	88499	na	na
188	35	68	14929	na	na
189	35	69	44052	na	na
190	35	70	85694	na	na
191	35	90	77915	na	na
192	35	98	67667	na	na
193	36	60	53561	na	na
194	36	71	14246	na	na
195	36	81	41184	na	na
196	36	90	71702	na	na
197	37	71	88238	na	na
198	38	74	51285	na	na
199	38	85	12804	na	na
200	39	58	43900	na	na
201	39	61	27852	na	na
202	39	71	31144	na	na
203	39	82	99210	na	na
204	39	85	75784	na	na
205	39	99	62017	na	na
206	40	45	91421	na	na
207	40	46	24831	na	na
208	40	48	24042	na	na
209	40	61	54513	na	na
210	40	67	26965	na	na
211	40	83	16053	na	na
212	41	84	75291	na	na
213	41	90	91318	na	na
214	42	47	63338	na	na
215	42	50	81608	na	na
216	42	54	85091	na	na
217	43	57	39235	na	na
218	43	64	11364	na	na
219	43	65	17894	na	na
220	43	68	59871	na	na
221	43	76	94282	na	na
222	44	47	59111	na	na
223	44	49	53394	na	na
224	44	52	70888	na	na
225	44	70	50661	na	na
226	44	92	21300	na	na
227	45	66	64281	na	na
228	45	67	44508	na	na
229	45	72	65880	na	na
230	45	75	51744	na	na
231	45	83	12911	na	na
232	46	58	25583	na	na
233	46	63	76945	na	na
234	46	97	18869	na	na
235	47	57	74764	na	na
236	47	82	74293	na	na
237	48	62	74566	na	na
238	49	53	48464	na	na
239	49	78	4942	na	na
240	49	99	35387	na	na
241	50	85	11692	na	na
242	50	91	76548	na	na
243	50	99	20396	na	na
244	51	64	10533	na	na
245	51	93	49468	na	na
246	52	63	55865	na	na
247	52	90	26553	na	na
248	52	92	82419	na	na
249	52	100	73138	na	na
250	53	58	44210	na	na
251	53	67	43776	na	na
252	53	87	63667	na	na
253	53	94	78200	na	na
254	54	92	98330	na	na
255	54	96	80611	na	na
256	55	75	80483	na	na
257	55	83	22869	na	na
258	56	88	99289	na	na
259	57	68	52974	na	na
260	57	97	77696	na	na
261	58	62	10039	na	na
262	58	68	95095	na	na
263	58	80	59085	na	na
264	58	82	36781	na	na
265	59	82	468	na	na
266	59	94	97898	na	na
267	60	65	54646	na	na
268	60	90	4520	na	na
269	60	95	89136	na	na
270	61	67	73565	na	na
271	61	74	87237	na	na
272	61	85	64627	na	na
273	61	94	68801	na	na
274	61	95	73777	na	na
275	62	66	42755	na	na
276	62	87	99828	na	na
277	62	94	50007	na	na
278	63	93	62647	na	na
279	64	73	7813	na	na
280	65	66	40824	na	na
281	65	88	98930	na	na
282	65	98	18018	na	na
283	66	81	99006	na	na
284	66	83	42734	na	na
285	66	95	53011	na	na
286	68	75	62616	na	na
287	68	84	78610	na	na
288	69	83	34199	na	na
289	71	91	38872	na	na
290	71	98	52665	na	na
291	72	82	38021	na	na
292	72	97	34935	na	na
293	73	96	44787	na	na
294	73	100	90979	na	na
295	74	100	10012	na	na
296	75	84	84708	na	na
297	75	99	87396	na	na
298	76	91	13192	na	na
299	76	95	52037	na	na
300	77	85	79688	na	na
301	77	93	76679	na	na
302	77	95	89872	na	na
303	79	82	49715	na	na
304	79	90	53441	na	na
305	79	91	86534	na	na
306	79	95	66823	na	na
307	79	99	15920	na	na
308	80	86	46126	na	na
309	81	92	63763	na	na
310	83	92	6639	na	na
311	83	93	91655	na	na
312	84	91	53429	na	na
313	85	95	30914	na	na
314	88	89	78654	na	na
315	90	95	51176	na	na
316	91	92	2732	na	na
317	91	100	95710	na	na
ring
