node
#name	v	h	weight
1	0	0	99902
2	0	0	0
3	0	0	0
4	0	0	0
5	0	0	0
6	0	0	0
7	0	0	0
8	0	0	0
9	0	0	0
10	0	0	0
11	0	0	0
12	0	0	0
13	0	0	0
14	0	0	0
15	0	0	0
16	0	0	81607
17	0	0	0
18	0	0	21890
19	0	0	0
20	0	0	35691
21	0	0	2035
22	0	0	0
23	0	0	0
24	0	0	0
25	0	0	0
26	0	0	81640
27	0	0	0
28	0	0	0
29	0	0	0
30	0	0	0
31	0	0	42953
32	0	0	71336
33	0	0	0
34	0	0	0
35	0	0	0
36	0	0	17440
37	0	0	0
38	0	0	0
39	0	0	22945
40	0	0	0
41	0	0	0
42	0	0	0
43	0	0	0
44	0	0	0
45	0	0	0
46	0	0	0
47	0	0	0
48	0	0	75286
49	0	0	0
50	0	0	0
51	0	0	0
52	0	0	95530
53	0	0	0
54	0	0	0
55	0	0	0
56	0	0	0
57	0	0	76964
58	0	0	0
59	0	0	0
60	0	0	0
61	0	0	0
62	0	0	0
63	0	0	0
64	0	0	0
65	0	0	0
66	0	0	0
67	0	0	0
68	0	0	38156
69	0	0	0
70	0	0	0
71	0	0	17448
72	0	0	0
73	0	0	0
74	0	0	46195
75	0	0	0
76	0	0	0
77	0	0	3790
78	0	0	0
79	0	0	0
80	0	0	0
81	0	0	0
82	0	0	70034
83	0	0	55916
84	0	0	74057
85	0	0	0
86	0	0	0
87	0	0	0
88	0	0	0
89	0	0	0
90	0	0	0
91	0	0	0
92	0	0	0
93	0	0	0
94	0	0	0
95	0	0	0
96	0	0	0
97	0	0	0
98	0	0	51318
99	0	0	49848
100	0	0	0
101	0	0	0
102	0	0	0
103	0	0	0
104	0	0	0
105	0	0	0
106	0	0	7319
107	0	0	0
108	0	0	0
109	0	0	17632
110	0	0	0
111	0	0	0
112	0	0	53268
113	0	0	0
114	0	0	0
115	0	0	0
116	0	0	0
117	0	0	0
118	0	0	0
119	0	0	0
120	0	0	0
121	0	0	0
122	0	0	0
123	0	0	0
124	0	0	0
125	0	0	3166
126	0	0	56273
127	0	0	93213
128	0	0	67613
129	0	0	0
130	0	0	74933
131	0	0	0
132	0	0	99347
133	0	0	2261
134	0	0	0
135	0	0	55530
136	0	0	0
137	0	0	0
138	0	0	0
139	0	0	0
140	0	0	0
141	0	0	0
142	0	0	45340
143	0	0	0
144	0	0	0
145	0	0	0
146	0	0	0
147	0	0	0
148	0	0	0
149	0	0	0
150	0	0	0
151	0	0	0
152	0	0	0
153	0	0	0
154	0	0	0
155	0	0	63848
156	0	0	0
157	0	0	69887
158	0	0	0
159	0	0	72148
160	0	0	0
161	0	0	27679
162	0	0	89982
163	0	0	50196
164	0	0	0
165	0	0	0
166	0	0	0
167	0	0	0
168	0	0	0
169	0	0	0
170	0	0	0
171	0	0	12378
172	0	0	0
173	0	0	49384
174	0	0	0
175	0	0	0
176	0	0	0
177	0	0	0
178	0	0	0
179	0	0	0
180	0	0	0
181	0	0	26018
182	0	0	17382
183	0	0	0
184	0	0	0
185	0	0	0
186	0	0	0
187	0	0	32157
188	0	0	0
189	0	0	0
190	0	0	0
191	0	0	17400
192	0	0	0
193	0	0	0
194	0	0	0
195	0	0	65971
196	0	0	0
197	0	0	0
198	0	0	0
199	0	0	48958
200	0	0	0
link
#link	x	y	length	RIN	notes
1	1	15	53243	na	na
2	1	27	44682	na	na
3	1	31	81027	na	na
4	1	38	28086	na	na
5	1	83	20292	na	na
6	1	116	50832	na	na
7	1	128	75979	na	na
8	1	132	59881	na	na
9	1	160	34630	na	na
10	1	193	82974	na	na
11	1	198	28792	na	na
12	2	26	9809	na	na
13	2	53	56494	na	na
14	2	55	66303	na	na
15	2	56	68593	na	na
16	2	78	580	na	na
17	2	80	57075	na	na
18	2	86	49802	na	na
19	2	140	16372	na	na
20	2	168	87374	na	na
21	2	173	54379	na	na
22	2	190	22433	na	na
23	2	200	81873	na	na
24	3	11	84670	na	na
25	3	25	72156	na	na
26	3	65	19449	na	na
27	3	94	25759	na	na
28	3	141	67658	na	na
29	3	184	17707	na	na
30	3	185	55378	na	na
31	4	16	66650	na	na
32	4	18	22028	na	na
33	4	41	34615	na	na
34	4	46	38368	na	na
35	4	62	28501	na	na
36	4	96	58855	na	na
37	4	112	98478	na	na
38	4	153	21662	na	na
39	4	176	20711	na	na
40	4	180	55266	na	na
41	4	191	63080	na	na
42	5	20	13375	na	na
43	5	88	31191	na	na
44	5	94	61303	na	na
45	5	107	98036	na	na
46	5	126	75927	na	na
47	5	163	65851	na	na
48	5	167	49055	na	na
49	5	195	41153	na	na
50	6	19	46923	na	na
51	6	25	63675	na	na
52	6	36	51341	na	na
53	6	107	33412	na	na
54	6	176	36928	na	na
55	6	177	63429	na	na
56	7	49	65514	na	na
57	7	118	93152	na	na
58	7	123	72606	na	na
59	7	128	54797	na	na
60	7	133	46917	na	na
61	7	178	88098	na	na
62	8	24	69150	na	na
63	8	46	11012	na	na
64	8	49	22433	na	na
65	8	144	65847	na	na
66	8	171	29798	na	na
67	8	177	81009	na	na
68	8	179	19705	na	na
69	8	199	27468	na	na
70	9	12	87411	na	na
71	9	17	86929	na	na
72	9	31	22538	na	na
73	9	45	40838	na	na
74	9	61	97267	na	na
75	9	119	29409	na	na
76	9	178	39056	na	na
77	9	195	65594	na	na
78	10	44	64996	na	na
79	10	49	45406	na	na
80	10	174	99236	na	na
81	10	193	50073	na	na
82	11	92	71624	na	na
83	11	105	73831	na	na
84	11	138	10206	na	na
85	11	156	51660	na	na
86	11	168	48514	na	na
87	12	13	95308	na	na
88	12	38	76159	na	na
89	12	43	7394	na	na
90	12	114	27958	na	na
91	12	177	86186	na	na
92	13	23	35040	na	na
93	13	86	32108	na	na
94	13	131	92162	na	na
95	13	176	11639	na	na
96	14	76	33256	na	na
97	14	77	14894	na	na
98	14	81	36664	na	na
99	14	151	22918	na	na
100	14	177	49713	na	na
101	14	183	88157	na	na
102	14	198	14627	na	na
103	15	19	53222	na	na
104	15	37	81306	na	na
105	15	54	88896	na	na
106	15	78	63410	na	na
107	15	101	23735	na	na
108	15	164	8992	na	na
109	15	195	39585	na	na
110	16	23	15006	na	na
111	16	31	11198	na	na
112	16	46	56628	na	na
113	16	66	14171	na	na
114	16	79	24089	na	na
115	16	159	45320	na	na
116	16	168	35345	na	na
117	17	34	79440	na	na
118	17	82	2812	na	na
119	17	156	54352	na	na
120	17	157	93411	na	na
121	18	20	52307	na	na
122	18	26	73370	na	na
123	18	41	16158	na	na
124	18	84	44617	na	na
125	18	88	73710	na	na
126	18	94	95656	na	na
127	18	100	23986	na	na
128	18	109	79603	na	na
129	18	128	83536	na	na
130	18	152	34041	na	na
131	18	160	6491	na	na
132	18	165	51832	na	na
133	19	28	63310	na	na
134	19	31	82736	na	na
135	19	66	43107	na	na
136	19	75	59738	na	na
137	19	104	55700	na	na
138	19	141	31642	na	na
139	19	192	35053	na	na
140	20	45	20109	na	na
141	20	54	79895	na	na
142	20	76	43904	na	na
143	20	89	70252	na	na
144	20	102	69703	na	na
145	20	104	13607	na	na
146	20	120	22013	na	na
147	20	159	65591	na	na
148	21	40	24167	na	na
149	21	108	82788	na	na
150	21	109	43986	na	na
151	21	135	159	na	na
152	21	138	20192	na	na
153	21	194	93792	na	na
154	22	37	25683	na	na
155	22	147	76464	na	na
156	23	24	97696	na	na
157	23	36	65937	na	na
158	23	86	69320	na	na
159	23	129	5895	na	na
160	25	74	91138	na	na
161	25	80	58457	na	na
162	25	88	17757	na	na
163	25	112	11212	na	na
164	26	34	5844	na	na
165	26	47	4767	na	na
166	26	56	34594	na	na
167	26	86	18804	na	na
168	26	136	47068	na	na
169	26	137	49535	na	na
170	26	150	72404	na	na
171	26	179	70529	na	na
172	27	73	34678	na	na
173	27	84	88367	na	na
174	27	134	72098	na	na
175	27	155	18913	na	na
176	28	53	65259	na	na
177	28	78	25331	na	na
178	28	101	57626	na	na
179	28	150	30944	na	na
180	28	180	45703	na	na
181	28	190	66607	na	na
182	29	86	81365	na	na
183	29	162	51723	na	na
184	29	180	37612	na	na
185	29	196	58336	na	na
186	30	55	13686	na	na
187	30	75	29360	na	na
188	30	85	84480	na	na
189	30	90	77538	na	na
190	30	171	61446	na	na
191	30	190	16878	na	na
192	31	49	90240	na	na
193	31	110	55841	na	na
194	31	122	75338	na	na
195	31	156	87416	na	na
196	32	76	47300	na	na
197	32	104	68762	na	na
198	32	109	81145	na	na
199	33	155	29626	na	na
200	33	166	40892	na	na
201	34	44	27834	na	na
202	34	71	44939	na	na
203	34	72	2297	na	na
204	34	78	51548	na	na
205	34	107	48576	na	na
206	35	36	88963	na	na
207	35	41	97932	na	na
208	35	74	77992	na	na
209	35	91	50642	na	na
210	35	122	40310	na	na
211	35	197	62340	na	na
212	36	76	25151	na	na
213	36	80	12250	na	na
214	36	95	6495	na	na
215	36	157	40584	na	na
216	36	180	88862	na	na
217	36	192	17216	na	na
218	37	42	12053	na	na
219	37	70	77317	na	na
220	37	125	63346	na	na
221	37	131	63927	na	na
222	37	157	93518	na	na
223	37	186	10729	na	na
224	38	105	21288	na	na
225	38	161	28599	na	na
226	38	169	91860	na	na
227	38	170	38775	na	na
228	39	70	47495	na	na
229	39	100	91416	na	na
230	39	115	69053	na	na
231	40	95	51000	na	na
232	40	175	3901	na	na
233	40	179	15211	na	na
234	41	87	42273	na	na
235	41	109	45359	na	na
236	41	151	65173	na	na
237	41	191	89747	na	na
238	42	62	96343	na	na
239	42	68	85097	na	na
240	42	74	11761	na	na
241	42	136	90229	na	na
242	42	168	23813	na	na
243	42	181	10374	na	na
244	42	196	95810	na	na
245	43	65	7689	na	na
246	43	114	78394	na	na
247	43	163	21355	na	na
248	44	59	20892	na	na
249	44	88	64499	na	na
250	44	172	21771	na	na
251	44	177	37992	na	na
252	45	110	87893	na	na
253	46	103	8253	na	na
254	46	119	20933	na	na
255	46	127	11044	na	na
256	46	144	56837	na	na
257	47	70	74735	na	na
258	47	75	55693	na	na
259	47	81	52442	na	na
260	47	89	48251	na	na
261	47	102	7211	na	na
262	47	154	38204	na	na
263	47	161	12637	na	na
264	47	171	28312	na	na
265	48	51	7427	na	na
266	48	52	28023	na	na
267	48	70	831	na	na
268	48	85	1901	na	na
269	48	166	55837	na	na
270	49	84	39008	na	na
271	50	61	24646	na	na
272	50	97	49723	na	na
273	50	113	44491	na	na
274	50	158	94684	na	na
275	50	172	73868	na	na
276	51	67	13604	na	na
277	51	87	8964	na	na
278	51	109	9791	na	na
279	51	148	84256	na	na
280	51	197	20746	na	na
281	52	96	28022	na	na
282	52	169	20770	na	na
283	53	65	31289	na	na
284	53	74	32964	na	na
285	53	148	517	na	na
286	53	153	91723	na	na
287	53	172	17502	na	na
288	54	102	70916	na	na
289	54	111	89667	na	na
290	54	134	71841	na	na
291	54	162	60786	na	na
292	54	166	93804	na	na
293	54	187	89598	na	na
294	54	200	83801	na	na
295	55	121	85968	na	na
296	56	57	38804	na	na
297	56	107	8378	na	na
298	56	112	58572	na	na
299	56	129	96886	na	na
300	56	157	12757	na	na
301	56	199	67735	na	na
302	57	129	55482	na	na
303	57	141	70172	na	na
304	57	168	96971	na	na
305	57	170	67143	na	na
306	57	172	98191	na	na
307	57	184	55632	na	na
308	58	131	85152	na	na
309	58	198	36963	na	na
310	59	75	71794	na	na
311	59	104	26574	na	na
312	59	145	84810	na	na
313	59	174	34789	na	na
314	59	175	50410	na	na
315	59	193	31386	na	na
316	60	61	52162	na	na
317	60	63	2573	na	na
318	60	100	16102	na	na
319	60	192	30466	na	na
320	61	115	67332	na	na
321	61	172	88993	na	na
322	61	196	96036	na	na
323	62	76	33811	na	na
324	62	83	62106	na	na
325	63	66	11653	na	na
326	63	74	7569	na	na
327	63	75	12829	na	na
328	63	151	91134	na	na
329	63	167	59285	na	na
330	63	177	12350	na	na
331	64	88	45708	na	na
332	64	121	15671	na	na
333	64	130	34439	na	na
334	64	164	39599	na	na
335	65	69	78316	na	na
336	65	82	26346	na	na
337	65	85	49479	na	na
338	65	102	80452	na	na
339	65	142	7703	na	na
340	66	117	25214	na	na
341	66	125	61260	na	na
342	66	191	62963	na	na
343	66	195	94222	na	na
344	67	78	75115	na	na
345	67	177	51848	na	na
346	68	92	69484	na	na
347	68	99	41312	na	na
348	68	162	71666	na	na
349	69	103	54469	na	na
350	69	163	17161	na	na
351	69	199	62383	na	na
352	70	81	63463	na	na
353	70	82	98757	na	na
354	70	83	77443	na	na
355	70	140	87321	na	na
356	70	146	36534	na	na
357	70	152	41041	na	na
358	70	173	52743	na	na
359	71	125	40216	na	na
360	71	137	9352	na	na
361	72	77	71542	na	na
362	72	83	588	na	na
363	72	128	33293	na	na
364	72	137	24160	na	na
365	72	140	18497	na	na
366	72	154	78062	na	na
367	72	179	10569	na	na
368	72	186	83239	na	na
369	72	195	80296	na	na
370	73	89	9886	na	na
371	73	105	94769	na	na
372	73	124	84498	na	na
373	73	133	86740	na	na
374	73	138	56137	na	na
375	74	132	85292	na	na
376	74	135	39625	na	na
377	75	101	45300	na	na
378	75	141	75338	na	na
379	75	155	10071	na	na
380	75	168	68883	na	na
381	76	145	5819	na	na
382	76	173	96447	na	na
383	77	165	18883	na	na
384	77	169	37461	na	na
385	77	179	55404	na	na
386	77	196	6068	na	na
387	77	200	19162	na	na
388	78	144	78699	na	na
389	79	105	64473	na	na
390	79	186	71328	na	na
391	80	91	66308	na	na
392	80	93	46863	na	na
393	80	134	5907	na	na
394	80	188	8946	na	na
395	81	95	40346	na	na
396	81	141	76234	na	na
397	81	167	65778	na	na
398	81	192	67460	na	na
399	82	144	14238	na	na
400	83	109	85929	na	na
401	83	128	37298	na	na
402	83	150	36567	na	na
403	83	169	3646	na	na
404	83	186	58238	na	na
405	83	197	30887	na	na
406	84	94	29631	na	na
407	85	96	19044	na	na
408	86	132	83796	na	na
409	87	89	2929	na	na
410	87	138	75060	na	na
411	87	157	915	na	na
412	87	167	36369	na	na
413	87	179	45481	na	na
414	88	111	91569	na	na
415	89	164	57607	na	na
416	90	109	71376	na	na
417	90	116	45631	na	na
418	90	142	11738	na	na
419	90	187	67437	na	na
420	91	110	33459	na	na
421	91	128	5255	na	na
422	91	136	96758	na	na
423	91	138	30218	na	na
424	91	151	51651	na	na
425	91	153	81310	na	na
426	91	158	74570	na	na
427	91	185	18939	na	na
428	91	187	93510	na	na
429	91	188	45952	na	na
430	92	152	71673	na	na
431	92	180	19869	na	na
432	93	99	15293	na	na
433	93	139	41099	na	na
434	93	150	99879	na	na
435	94	112	42302	na	na
436	94	113	93230	na	na
437	94	138	24001	na	na
438	94	140	66304	na	na
439	94	160	4981	na	na
440	95	168	48936	na	na
441	95	200	33837	na	na
442	97	148	2921	na	na
443	97	170	53515	na	na
444	97	194	62754	na	na
445	98	143	32885	na	na
446	98	159	11736	na	na
447	99	137	54130	na	na
448	99	168	82367	na	na
449	99	197	9878	na	na
450	100	156	14303	na	na
451	100	176	68506	na	na
452	101	158	84527	na	na
453	101	179	82141	na	na
454	101	195	83041	na	na
455	102	136	2838	na	na
456	103	140	77615	na	na
457	103	191	64100	na	na
458	104	120	45412	na	na
459	104	127	47126	na	na
460	104	133	19161	na	na
461	104	165	53747	na	na
462	105	121	10927	na	na
463	106	110	96652	na	na
464	106	167	91440	na	na
465	106	185	64728	na	na
466	106	186	85886	na	na
467	106	197	8087	na	na
468	107	113	28281	na	na
469	107	155	83858	na	na
470	107	166	65862	na	na
471	108	129	24080	na	na
472	108	147	31001	na	na
473	108	184	48836	na	na
474	108	190	82446	na	na
475	109	126	80432	na	na
476	109	128	62879	na	na
477	109	161	19057	na	na
478	109	187	54809	na	na
479	109	197	92084	na	na
480	110	158	15468	na	na
481	110	200	79749	na	na
482	111	149	56717	na	na
483	111	190	88456	na	na
484	112	176	43980	na	na
485	112	191	21585	na	na
486	113	138	27275	na	na
487	113	145	58728	na	na
488	113	172	19676	na	na
489	113	186	94938	na	na
490	114	143	87801	na	na
491	114	165	78171	na	na
492	114	167	4606	na	na
493	114	198	10447	na	na
494	115	156	74346	na	na
495	115	172	92758	na	na
496	115	197	19055	na	na
497	116	120	19505	na	na
498	116	147	25055	na	na
499	117	122	82521	na	na
500	117	154	77385	na	na
501	118	192	42298	na	na
502	120	174	3801	na	na
503	121	175	78825	na	na
504	121	193	15711	na	na
505	122	153	58521	na	na
506	122	166	997	na	na
507	122	191	59926	na	na
508	123	152	79841	na	na
509	123	187	80507	na	na
510	124	189	59115	na	na
511	124	196	40811	na	na
512	125	191	86563	na	na
513	126	165	88099	na	na
514	126	166	99961	na	na
515	127	134	68288	na	na
516	128	157	7722	na	na
517	128	189	564	na	na
518	129	138	40203	na	na
519	129	170	53424	na	na
520	131	149	12811	na	na
521	132	170	39128	na	na
522	133	147	43986	na	na
523	133	160	56925	na	na
524	133	177	41731	na	na
525	133	180	94190	na	na
526	133	181	15923	na	na
527	134	167	4372	na	na
528	134	168	450	na	na
529	134	175	21487	na	na
530	134	186	56791	na	na
531	135	149	13009	na	na
532	135	171	58223	na	na
533	135	199	96787	na	na
534	137	168	90498	na	na
535	137	184	3303	na	na
536	139	185	42043	na	na
537	140	149	50649	na	na
538	141	200	56779	na	na
539	142	170	69852	na	na
540	142	186	20483	na	na
541	143	162	93495	na	na
542	143	197	1492	na	na
543	144	153	95737	na	na
544	144	162	26366	na	na
545	145	200	60629	na	na
546	146	196	15709	na	na
547	147	165	42870	na	na
548	147	193	28112	na	na
549	148	177	35040	na	na
550	148	186	18419	na	na
551	149	167	47945	na	na
552	151	170	97330	na	na
553	151	192	4229	na	na
554	152	176	67038	na	na
555	153	161	10208	na	na
556	153	177	95937	na	na
557	153	182	60467	na	na
558	153	185	66797	na	na
559	154	164	42531	na	na
560	155	182	81911	na	na
561	156	173	6332	na	na
562	156	198	21955	na	na
563	157	199	97641	na	na
564	159	170	90864	na	na
565	159	193	42523	na	na
566	160	198	66226	na	na
567	162	196	46255	na	na
568	163	179	47947	na	na
569	163	180	89756	na	na
570	163	187	84942	na	na
571	164	184	64881	na	na
572	165	180	24096	na	na
573	167	181	25663	na	na
574	171	189	98459	na	na
575	172	177	13924	na	na
576	173	179	10215	na	na
577	174	181	17413	na	na
578	175	184	67119	na	na
579	175	189	62641	na	na
580	177	180	15941	na	na
581	177	190	45870	na	na
582	180	183	31903	na	na
583	180	187	31576	na	na
584	180	196	23267	na	na
585	181	198	7634	na	na
586	185	195	46375	na	na
587	192	196	44449	na	na
ring
