         node
#name	v	h	weight
1	24395	42193	0
2	21300	52983	0
3	85820	64910	0
4	91275	88222	0
5	70450	9148	0
6	60057	40666	0
7	64005	53251	0
8	27249	82422	0
9	7748	62203	0
10	14293	96696	0
11	22328	6954	0
12	28648	70430	9803
13	58811	19269	0
14	97485	7720	16399
15	90919	48273	0
16	75960	15315	0
17	90467	97260	0
18	68298	76287	0
19	62171	59574	8420
20	64509	32621	0
21	68722	24567	0
22	73287	32727	0
23	77819	537	0
24	15150	85568	0
25	62740	29443	13727
26	82264	85069	0
27	36398	10912	0
28	55500	95209	0
29	30182	52985	0
30	2930	21102	0
31	1259	78890	0
32	36417	91726	0
33	76151	4716	8861
34	68014	38322	0
35	64290	32524	0
36	70944	33012	7917
37	57092	44231	0
38	65740	34911	0
39	44769	80890	0
40	20479	7510	0
41	10334	2744	0
42	92580	46732	0
43	13657	48080	0
44	41942	43840	0
45	1065	44872	0
46	64942	2325	0
47	23762	1360	16625
48	94051	99913	0
49	6076	62065	0
50	38236	70366	0
51	94589	9180	0
52	3379	51681	0
53	53412	69120	0
54	86593	98181	0
55	50010	7073	0
56	5692	60345	0
57	9817	98272	0
58	7077	23475	0
59	46352	49019	0
60	67315	47418	0
61	93892	32258	0
62	49743	17655	0
63	33618	43794	0
64	17569	39695	0
65	5860	55805	0
66	10062	450	5980
67	64985	13442	0
68	52132	18398	0
69	82562	38726	26226
70	16579	32572	14185
71	45799	22272	0
72	92918	55616	0
73	20544	99995	0
74	79092	66896	0
75	49015	46407	0
76	14315	42908	0
77	78666	64058	0
78	60563	12284	0
79	7853	78132	0
80	51980	13714	0
81	33937	62042	8141
82	14165	98923	0
83	75484	66297	0
84	17322	58046	16088
85	5023	33901	0
86	90619	50823	0
87	56174	83537	0
88	6440	76718	2266
89	83533	85532	0
90	43615	32549	0
91	31940	57930	0
92	75457	10606	0
93	21989	36020	0
94	22890	29843	0
95	14152	74871	0
96	43557	48090	0
97	36913	57722	0
98	47014	12398	0
99	24020	64336	7099
100	70444	29044	0
link
#link	x	y	length	RIN	notes
1	1	2	11224	na	na
2	1	29	12245	na	na
3	1	43	12245	na	na
4	1	63	9361	na	na
5	1	64	7268	na	na
6	1	70	12395	na	na
7	1	76	10105	na	na
8	1	93	6625	na	na
9	1	94	12441	na	na
10	2	29	8882	na	na
11	2	43	9080	na	na
12	2	63	15367	na	na
13	2	64	13801	na	na
14	2	65	15695	na	na
15	2	76	12259	na	na
16	2	81	15548	na	na
17	2	84	6439	na	na
18	2	91	11733	na	na
19	2	99	11674	na	na
20	3	72	11693	na	na
21	3	74	7015	na	na
22	3	77	7205	na	na
23	3	83	10428	na	na
24	3	86	14882	na	na
25	4	17	9074	na	na
26	4	26	9546	na	na
27	4	48	12016	na	na
28	4	54	11005	na	na
29	4	89	8195	na	na
30	5	13	15424	na	na
31	5	16	8269	na	na
32	5	21	15516	na	na
33	5	23	11333	na	na
34	5	33	7221	na	na
35	5	46	8768	na	na
36	5	67	6949	na	na
37	5	78	10372	na	na
38	5	92	5214	na	na
39	6	7	13189	na	na
40	6	20	9194	na	na
41	6	22	15428	na	na
42	6	25	11538	na	na
43	6	34	8294	na	na
44	6	35	9176	na	na
45	6	36	13307	na	na
46	6	37	4637	na	na
47	6	38	8087	na	na
48	6	60	9912	na	na
49	6	75	12445	na	na
50	6	100	15587	na	na
51	7	19	6583	na	na
52	7	34	15457	na	na
53	7	37	11364	na	na
54	7	60	6706	na	na
55	8	12	12072	na	na
56	8	24	12502	na	na
57	8	32	13062	na	na
58	8	95	15117	na	na
59	9	43	15309	na	na
60	9	49	1677	na	na
61	9	52	11392	na	na
62	9	56	2771	na	na
63	9	65	6670	na	na
64	9	79	15929	na	na
65	9	84	10436	na	na
66	9	88	14573	na	na
67	9	95	14194	na	na
68	10	24	11161	na	na
69	10	57	4745	na	na
70	10	73	7067	na	na
71	10	82	2230	na	na
72	11	27	14615	na	na
73	11	40	1930	na	na
74	11	41	12711	na	na
75	11	47	5774	na	na
76	11	66	13883	na	na
77	12	50	9588	na	na
78	12	81	9916	na	na
79	12	91	12926	na	na
80	12	95	15160	na	na
81	12	97	15159	na	na
82	12	99	7651	na	na
83	13	20	14516	na	na
84	13	21	11238	na	na
85	13	25	10906	na	na
86	13	35	14342	na	na
87	13	55	15040	na	na
88	13	62	9210	na	na
89	13	67	8490	na	na
90	13	68	6735	na	na
91	13	71	13354	na	na
92	13	78	7201	na	na
93	13	80	8805	na	na
94	13	98	13652	na	na
95	13	100	15194	na	na
96	14	51	3242	na	na
97	15	42	2265	na	na
98	15	69	12688	na	na
99	15	72	7610	na	na
100	15	86	2566	na	na
101	16	21	11747	na	na
102	16	23	14894	na	na
103	16	33	10600	na	na
104	16	67	11132	na	na
105	16	78	15692	na	na
106	16	92	4735	na	na
107	16	100	14795	na	na
108	17	26	14693	na	na
109	17	48	4459	na	na
110	17	54	3981	na	na
111	17	89	13624	na	na
112	18	74	14307	na	na
113	18	83	12306	na	na
114	18	87	14126	na	na
115	19	53	12955	na	na
116	19	60	13199	na	na
117	19	83	14914	na	na
118	20	21	9088	na	na
119	20	22	8778	na	na
120	20	25	3636	na	na
121	20	34	6691	na	na
122	20	35	240	na	na
123	20	36	6445	na	na
124	20	37	13777	na	na
125	20	38	2599	na	na
126	20	60	15060	na	na
127	20	100	6929	na	na
128	21	22	9350	na	na
129	21	25	7717	na	na
130	21	34	13772	na	na
131	21	35	9107	na	na
132	21	36	8732	na	na
133	21	38	10764	na	na
134	21	67	11736	na	na
135	21	78	14746	na	na
136	21	92	15501	na	na
137	21	100	4796	na	na
138	22	25	11046	na	na
139	22	34	7688	na	na
140	22	35	8999	na	na
141	22	36	2361	na	na
142	22	38	7856	na	na
143	22	60	15858	na	na
144	22	69	11045	na	na
145	22	100	4652	na	na
146	23	33	4499	na	na
147	23	46	13000	na	na
148	23	92	10341	na	na
149	24	31	15412	na	na
150	24	57	13777	na	na
151	24	73	15403	na	na
152	24	79	10417	na	na
153	24	82	13391	na	na
154	24	88	12417	na	na
155	24	95	10743	na	na
156	25	34	10326	na	na
157	25	35	3447	na	na
158	25	36	8945	na	na
159	25	37	15830	na	na
160	25	38	6236	na	na
161	25	68	15314	na	na
162	25	100	7714	na	na
163	26	54	13808	na	na
164	26	89	1350	na	na
165	27	47	15839	na	na
166	27	55	14143	na	na
167	27	62	14951	na	na
168	27	71	14744	na	na
169	27	80	15831	na	na
170	27	98	10719	na	na
171	28	87	11691	na	na
172	29	44	14897	na	na
173	29	63	9811	na	na
174	29	81	9804	na	na
175	29	84	13820	na	na
176	29	91	5248	na	na
177	29	96	14242	na	na
178	29	97	8230	na	na
179	29	99	12915	na	na
180	30	58	4778	na	na
181	30	85	12969	na	na
182	31	79	6637	na	na
183	31	88	5617	na	na
184	31	95	13505	na	na
185	32	39	13681	na	na
186	33	46	11460	na	na
187	33	67	14170	na	na
188	33	92	5930	na	na
189	34	35	6891	na	na
190	34	36	6064	na	na
191	34	37	12418	na	na
192	34	38	4099	na	na
193	34	60	9122	na	na
194	34	69	14553	na	na
195	34	100	9591	na	na
196	35	36	6671	na	na
197	35	37	13743	na	na
198	35	38	2793	na	na
199	35	60	15198	na	na
200	35	100	7070	na	na
201	36	38	5539	na	na
202	36	60	14855	na	na
203	36	69	12947	na	na
204	36	100	3999	na	na
205	37	38	12714	na	na
206	37	44	15154	na	na
207	37	59	11758	na	na
208	37	60	10708	na	na
209	37	75	8364	na	na
210	37	96	14073	na	na
211	38	60	12605	na	na
212	38	100	7520	na	na
213	39	50	12386	na	na
214	39	53	14602	na	na
215	39	87	11707	na	na
216	40	41	11208	na	na
217	40	47	6971	na	na
218	40	66	12584	na	na
219	41	47	13499	na	na
220	41	66	2310	na	na
221	42	61	14533	na	na
222	42	69	12824	na	na
223	42	72	8890	na	na
224	42	86	4535	na	na
225	43	45	12993	na	na
226	43	49	15907	na	na
227	43	52	10890	na	na
228	43	56	14624	na	na
229	43	64	9252	na	na
230	43	65	10975	na	na
231	43	70	15780	na	na
232	43	76	5213	na	na
233	43	84	10618	na	na
234	43	93	14658	na	na
235	44	59	6803	na	na
236	44	63	8323	na	na
237	44	75	7525	na	na
238	44	90	11414	na	na
239	44	96	4547	na	na
240	44	97	14765	na	na
241	45	52	7191	na	na
242	45	65	11938	na	na
243	45	76	13394	na	na
244	45	85	11662	na	na
245	46	55	15668	na	na
246	46	67	11117	na	na
247	46	78	10880	na	na
248	46	92	13383	na	na
249	47	66	13730	na	na
250	48	54	7656	na	na
251	49	52	10728	na	na
252	49	56	1763	na	na
253	49	65	6263	na	na
254	49	84	11941	na	na
255	49	88	14657	na	na
256	49	95	15139	na	na
257	50	53	15226	na	na
258	50	81	9368	na	na
259	50	91	13939	na	na
260	50	97	12713	na	na
261	50	99	15441	na	na
262	52	56	8966	na	na
263	52	65	4812	na	na
264	52	76	14020	na	na
265	52	84	15326	na	na
266	53	87	14679	na	na
267	54	89	13014	na	na
268	55	62	10585	na	na
269	55	68	11522	na	na
270	55	71	15771	na	na
271	55	78	11769	na	na
272	55	80	6927	na	na
273	55	98	6109	na	na
274	56	65	4542	na	na
275	56	84	11854	na	na
276	57	73	10864	na	na
277	57	82	4395	na	na
278	58	70	13155	na	na
279	58	85	10627	na	na
280	59	63	13764	na	na
281	59	75	3730	na	na
282	59	96	2945	na	na
283	59	97	12838	na	na
284	61	69	13046	na	na
285	62	67	15814	na	na
286	62	68	2502	na	na
287	62	71	6072	na	na
288	62	78	12079	na	na
289	62	80	4531	na	na
290	62	98	5923	na	na
291	63	75	15617	na	na
292	63	90	15046	na	na
293	63	91	14235	na	na
294	63	93	13988	na	na
295	63	96	10827	na	na
296	63	97	14312	na	na
297	64	70	7190	na	na
298	64	76	4572	na	na
299	64	85	13818	na	na
300	64	93	5748	na	na
301	64	94	11197	na	na
302	65	76	15421	na	na
303	65	84	11678	na	na
304	67	68	13775	na	na
305	67	78	4571	na	na
306	67	80	13008	na	na
307	67	92	10848	na	na
308	68	71	7424	na	na
309	68	78	10413	na	na
310	68	80	4686	na	na
311	68	98	7886	na	na
312	69	86	14534	na	na
313	69	100	15510	na	na
314	70	76	10580	na	na
315	70	85	11632	na	na
316	70	93	6414	na	na
317	70	94	6876	na	na
318	71	80	10556	na	na
319	71	90	10506	na	na
320	71	98	9948	na	na
321	72	86	5316	na	na
322	73	82	6468	na	na
323	74	77	2870	na	na
324	74	83	3657	na	na
325	75	90	14873	na	na
326	75	96	5711	na	na
327	76	84	15434	na	na
328	76	85	12939	na	na
329	76	93	10311	na	na
330	76	94	15627	na	na
331	77	83	3890	na	na
332	78	80	8701	na	na
333	78	92	14988	na	na
334	78	98	13549	na	na
335	79	88	1999	na	na
336	79	95	7093	na	na
337	80	98	5136	na	na
338	81	91	4571	na	na
339	81	97	5245	na	na
340	81	99	10179	na	na
341	84	91	14618	na	na
342	84	99	9188	na	na
343	88	95	7930	na	na
344	90	96	15541	na	na
345	91	96	15224	na	na
346	91	97	4977	na	na
347	91	99	10186	na	na
348	93	94	6242	na	na
349	95	99	14434	na	na
350	96	97	11701	na	na
351	97	99	14490	na	na
ring
