node
#name	v	h	weight
1	45990	84551	0
2	71887	53429	0
3	3790	46054	0
4	80345	55803	0
5	77012	94288	0
6	2484	79021	0
7	92420	5570	0
8	77949	7343	0
9	5704	65980	0
10	57843	27586	0
11	11235	82005	0
12	5106	37348	0
13	87024	21827	0
14	35112	14579	0
15	99172	24708	0
16	95145	45162	0
17	9260	67033	0
18	98592	13050	0
19	13087	78937	0
20	68854	90099	0
21	73226	71338	0
22	69120	65646	0
23	76909	47070	0
24	72989	82613	2198
25	13050	30833	0
26	10200	24286	0
27	12838	15307	0
28	61634	99862	11664
29	37134	96747	1333
30	14441	36306	0
31	21456	9587	15246
32	81469	30716	0
33	76620	80061	0
34	43767	89707	0
35	58999	12621	0
36	79807	32226	0
37	83960	48928	0
38	97872	60870	0
39	95998	70862	0
40	43484	9049	10434
41	1695	53685	29160
42	33335	14534	0
43	68992	94970	0
44	14396	6126	0
45	91717	28838	0
46	42433	13174	0
47	38425	23902	0
48	43890	15045	0
49	3964	87658	0
50	4753	62963	0
51	280	84560	0
52	95189	84240	0
53	33488	93062	25428
54	45111	29487	4138
55	63925	88596	0
56	38536	65620	4772
57	42281	71871	0
58	80155	11274	0
59	66842	94551	0
60	17400	58559	0
61	23390	59834	0
62	71734	61815	0
63	83736	15624	0
64	76861	87700	6542
65	3282	81614	0
66	50664	3562	0
67	66175	45854	0
68	87803	99663	0
69	38916	32915	0
70	29151	2842	0
71	21511	67687	0
72	68463	63793	0
73	39559	48618	0
74	75067	6401	0
75	43169	92468	3671
76	64961	66559	0
77	52302	36695	0
78	28375	36038	0
79	52320	5236	0
80	23739	55603	0
81	86851	74404	0
82	59166	53026	0
83	20258	46969	0
84	52690	59175	0
85	79885	81841	0
86	62017	1396	21668
87	49528	30480	0
88	65189	89088	0
89	79098	40256	0
90	95489	22268	0
91	32724	60451	0
92	88827	85027	0
93	97146	17203	8132
94	21066	49467	0
95	22439	44805	0
96	5070	9290	0
97	19210	64236	0
98	62317	39469	18341
99	11206	15007	0
100	98644	91091	0
link
#link	x	y	length	RIN	notes
1	1	29	15072	na	na
2	1	34	5614	na	na
3	1	53	15124	na	na
4	1	57	13211	na	na
5	1	75	8404	na	na
6	2	4	8784	na	na
7	2	22	12526	na	na
8	2	23	8102	na	na
9	2	37	12884	na	na
10	2	62	8387	na	na
11	2	67	9487	na	na
12	2	72	10915	na	na
13	2	76	14845	na	na
14	2	82	12728	na	na
15	2	89	15016	na	na
16	3	12	8804	na	na
17	3	30	14438	na	na
18	3	41	7913	na	na
19	4	22	14928	na	na
20	4	23	9385	na	na
21	4	37	7768	na	na
22	4	62	10502	na	na
23	4	72	14318	na	na
24	4	89	15596	na	na
25	5	20	9170	na	na
26	5	24	12348	na	na
27	5	33	14232	na	na
28	5	43	8048	na	na
29	5	55	14271	na	na
30	5	59	10173	na	na
31	5	64	6589	na	na
32	5	68	12055	na	na
33	5	85	12774	na	na
34	5	88	12915	na	na
35	5	92	15012	na	na
36	6	9	13432	na	na
37	6	11	9245	na	na
38	6	17	13770	na	na
39	6	19	10603	na	na
40	6	49	8762	na	na
41	6	51	5961	na	na
42	6	65	2713	na	na
43	7	8	14578	na	na
44	7	18	9697	na	na
45	7	58	13526	na	na
46	7	63	13284	na	na
47	7	93	12556	na	na
48	8	58	4507	na	na
49	8	63	10103	na	na
50	8	74	3031	na	na
51	9	17	3708	na	na
52	9	19	14913	na	na
53	9	41	12931	na	na
54	9	50	3163	na	na
55	9	60	13852	na	na
56	9	65	15820	na	na
57	9	71	15899	na	na
58	9	97	13618	na	na
59	10	35	15009	na	na
60	10	54	12872	na	na
61	10	77	10661	na	na
62	10	87	8803	na	na
63	10	98	12696	na	na
64	11	17	15101	na	na
65	11	19	3583	na	na
66	11	49	9210	na	na
67	11	51	11249	na	na
68	11	65	7962	na	na
69	12	25	10274	na	na
70	12	26	14021	na	na
71	12	30	9393	na	na
72	13	15	12485	na	na
73	13	18	14520	na	na
74	13	32	10482	na	na
75	13	36	12657	na	na
76	13	45	8437	na	na
77	13	58	12591	na	na
78	13	63	7019	na	na
79	13	90	8477	na	na
80	13	93	11128	na	na
81	14	31	14540	na	na
82	14	40	10033	na	na
83	14	42	1777	na	na
84	14	46	7454	na	na
85	14	47	9894	na	na
86	14	48	8790	na	na
87	14	70	13164	na	na
88	15	18	11672	na	na
89	15	45	8521	na	na
90	15	90	4417	na	na
91	15	93	7773	na	na
92	16	37	11801	na	na
93	16	38	15942	na	na
94	17	19	12504	na	na
95	17	41	15342	na	na
96	17	50	6072	na	na
97	17	60	11749	na	na
98	17	61	15857	na	na
99	17	65	15759	na	na
100	17	71	12268	na	na
101	17	97	10335	na	na
102	18	63	15076	na	na
103	18	90	9725	na	na
104	18	93	4396	na	na
105	19	49	12620	na	na
106	19	51	13987	na	na
107	19	65	10163	na	na
108	19	71	14054	na	na
109	19	97	15925	na	na
110	20	24	8552	na	na
111	20	28	12142	na	na
112	20	33	12691	na	na
113	20	43	4872	na	na
114	20	55	5153	na	na
115	20	59	4885	na	na
116	20	64	8358	na	na
117	20	85	13779	na	na
118	20	88	3801	na	na
119	21	22	7018	na	na
120	21	24	11277	na	na
121	21	33	9359	na	na
122	21	62	9639	na	na
123	21	72	8923	na	na
124	21	76	9547	na	na
125	21	81	13965	na	na
126	21	85	12435	na	na
127	22	62	4637	na	na
128	22	72	1966	na	na
129	22	76	4258	na	na
130	23	36	15124	na	na
131	23	37	7291	na	na
132	23	62	15627	na	na
133	23	67	10803	na	na
134	23	89	7156	na	na
135	24	33	4437	na	na
136	24	43	12986	na	na
137	24	55	10860	na	na
138	24	59	13427	na	na
139	24	64	6392	na	na
140	24	85	6938	na	na
141	24	88	10136	na	na
142	25	26	7140	na	na
143	25	27	15527	na	na
144	25	30	5647	na	na
145	25	99	15933	na	na
146	26	27	9358	na	na
147	26	30	12746	na	na
148	26	96	15848	na	na
149	26	99	9333	na	na
150	27	31	10343	na	na
151	27	44	9311	na	na
152	27	96	9825	na	na
153	27	99	1659	na	na
154	28	43	8835	na	na
155	28	55	11496	na	na
156	28	59	7437	na	na
157	28	88	11345	na	na
158	29	34	9672	na	na
159	29	53	5183	na	na
160	29	75	7398	na	na
161	30	78	13935	na	na
162	30	83	12146	na	na
163	30	94	14733	na	na
164	30	95	11670	na	na
165	31	42	12867	na	na
166	31	44	7862	na	na
167	31	70	10232	na	na
168	31	99	11594	na	na
169	32	36	2245	na	na
170	32	45	10419	na	na
171	32	63	15261	na	na
172	32	89	9830	na	na
173	33	55	15297	na	na
174	33	64	7643	na	na
175	33	81	11690	na	na
176	33	85	3718	na	na
177	33	88	14564	na	na
178	33	92	13179	na	na
179	34	53	10812	na	na
180	34	75	2824	na	na
181	35	40	15920	na	na
182	35	48	15301	na	na
183	35	66	12310	na	na
184	35	79	9957	na	na
185	35	86	11624	na	na
186	36	45	12382	na	na
187	36	89	8062	na	na
188	37	89	9941	na	na
189	38	39	10166	na	na
190	39	52	13402	na	na
191	39	81	9809	na	na
192	39	92	15876	na	na
193	40	42	11536	na	na
194	40	46	4256	na	na
195	40	47	15691	na	na
196	40	48	6010	na	na
197	40	66	9036	na	na
198	40	70	15619	na	na
199	40	79	9623	na	na
200	41	50	9769	na	na
201	42	46	9198	na	na
202	42	47	10662	na	na
203	42	48	10567	na	na
204	42	70	12418	na	na
205	43	55	8142	na	na
206	43	59	2190	na	na
207	43	64	10712	na	na
208	43	88	7004	na	na
209	44	70	15115	na	na
210	44	96	9848	na	na
211	44	99	9436	na	na
212	45	63	15436	na	na
213	45	90	7575	na	na
214	45	93	12839	na	na
215	46	47	11452	na	na
216	46	48	2372	na	na
217	46	66	12654	na	na
218	46	79	12679	na	na
219	47	48	10407	na	na
220	47	54	8711	na	na
221	47	69	9026	na	na
222	47	78	15757	na	na
223	47	87	12905	na	na
224	48	54	14493	na	na
225	48	66	13331	na	na
226	48	79	12933	na	na
227	49	51	4813	na	na
228	49	65	6081	na	na
229	50	60	13392	na	na
230	50	97	14513	na	na
231	51	65	4206	na	na
232	52	81	12895	na	na
233	52	85	15491	na	na
234	52	92	6410	na	na
235	52	100	7672	na	na
236	53	75	9699	na	na
237	54	69	7079	na	na
238	54	77	10181	na	na
239	54	87	4527	na	na
240	55	59	6631	na	na
241	55	64	12967	na	na
242	55	88	1356	na	na
243	56	57	7286	na	na
244	56	84	15551	na	na
245	56	91	7778	na	na
246	57	91	14891	na	na
247	58	63	5635	na	na
248	58	74	7044	na	na
249	59	64	12137	na	na
250	59	88	5707	na	na
251	60	61	6123	na	na
252	60	71	10010	na	na
253	60	80	6994	na	na
254	60	83	11937	na	na
255	60	91	15440	na	na
256	60	94	9803	na	na
257	60	95	14648	na	na
258	60	97	5957	na	na
259	61	71	8075	na	na
260	61	80	4245	na	na
261	61	83	13239	na	na
262	61	91	9355	na	na
263	61	94	10624	na	na
264	61	95	15058	na	na
265	61	97	6070	na	na
266	62	72	3822	na	na
267	62	76	8268	na	na
268	62	82	15336	na	na
269	63	74	12658	na	na
270	63	90	13500	na	na
271	63	93	13502	na	na
272	64	85	6594	na	na
273	64	88	11753	na	na
274	64	92	12261	na	na
275	66	79	2354	na	na
276	66	86	11557	na	na
277	67	82	10028	na	na
278	67	89	14083	na	na
279	67	98	7460	na	na
280	68	92	14672	na	na
281	68	100	13820	na	na
282	69	73	15715	na	na
283	69	77	13908	na	na
284	69	78	10994	na	na
285	69	87	10887	na	na
286	71	80	12288	na	na
287	71	91	13345	na	na
288	71	97	4148	na	na
289	72	76	4462	na	na
290	72	82	14225	na	na
291	73	91	13665	na	na
292	74	86	13976	na	na
293	76	82	14722	na	na
294	76	84	14321	na	na
295	77	87	6805	na	na
296	77	98	10391	na	na
297	78	83	13614	na	na
298	78	94	15288	na	na
299	78	95	10587	na	na
300	79	86	10430	na	na
301	80	83	9308	na	na
302	80	91	10209	na	na
303	80	94	6693	na	na
304	80	95	10875	na	na
305	80	97	9749	na	na
306	81	85	10189	na	na
307	81	92	10805	na	na
308	82	84	8930	na	na
309	82	98	13918	na	na
310	83	94	2624	na	na
311	83	95	3072	na	na
312	85	92	9493	na	na
313	87	98	15631	na	na
314	90	93	5329	na	na
315	91	97	14034	na	na
316	92	100	11538	na	na
317	94	95	4859	na	na
318	94	97	14885	na	na
319	96	99	8385	na	na
ring
