node
#name	v	h	weight
1	31284	33736	0
2	23295	2814	6056
3	8903	46250	0
4	59448	4778	0
5	64538	85742	0
6	56560	94755	0
7	74144	66116	0
8	60257	66619	0
9	63255	58905	0
10	77979	92209	0
11	96468	49796	0
12	7644	54104	0
13	20989	47217	0
14	16757	64510	10428
15	46967	94047	0
16	62020	78251	0
17	27784	85315	0
18	81066	36688	0
19	31566	40514	0
20	41466	96105	0
21	26257	98027	0
22	90860	401	8299
23	64143	51117	0
24	67020	27399	0
25	10023	44999	0
26	19608	6492	0
27	94796	27253	0
28	60596	15785	0
29	74470	77354	0
30	80296	21438	0
31	71402	42317	0
32	99690	99186	0
33	27633	80756	0
34	35874	59200	0
35	21271	77340	0
36	55305	47528	6246
37	75367	46165	0
38	47929	39511	0
39	97283	14950	0
40	66910	7307	0
41	59950	86519	0
42	13799	54746	0
43	13773	74395	0
44	70532	88243	0
45	51749	50829	0
46	9682	23151	6397
47	93146	9372	0
48	22338	20780	0
49	90128	58212	0
50	79980	11399	0
51	35552	35285	0
52	58927	10920	0
53	81451	6857	0
54	50432	78735	0
55	21807	17342	0
56	86042	81757	0
57	3862	99841	0
58	36504	17635	0
59	74237	7036	0
60	5879	25986	0
61	57865	15561	0
62	49138	51012	0
63	24933	71476	0
64	71792	15061	0
65	29688	51773	0
66	26461	65241	0
67	87059	85388	0
68	76162	68511	0
69	92246	26594	0
70	47246	14053	0
71	43937	33289	0
72	95811	47799	0
73	33131	32315	13330
74	65435	7368	0
75	39352	71314	0
76	33354	97217	0
77	86875	82493	0
78	48230	11809	0
79	53969	20023	14956
80	26871	83658	0
81	71796	53332	0
82	48900	58856	0
83	38721	25063	14061
84	27367	30967	0
85	51657	74614	0
86	45021	95594	0
87	7903	40832	5689
88	43394	41034	7222
89	73148	8829	1187
90	48402	12501	0
91	80144	81757	0
92	9719	67019	0
93	64250	57949	0
94	78829	18220	0
95	77972	5700	0
96	1879	49769	0
97	59033	50779	0
98	8626	97755	0
99	75842	35993	0
100	28723	27500	0
101	10607	73744	0
102	23095	18511	3608
103	14577	66490	2460
104	59546	87726	0
105	75319	7949	0
106	227	55463	0
107	89706	9946	0
108	22483	53957	0
109	67896	1313	0
110	72178	45868	0
111	7014	74057	8600
112	95638	66047	0
113	24837	4264	0
114	63803	680	0
115	40258	92526	9598
116	28180	50866	0
117	66271	51276	14312
118	69377	80849	0
119	17766	28924	0
120	68575	93086	0
121	36873	68803	0
122	48550	26580	2426
123	78749	71034	0
124	80537	46645	0
125	72347	52715	0
126	92514	79361	0
127	26773	88153	0
128	45409	51610	0
129	92418	9212	0
130	52290	32676	9507
131	1738	80471	13569
132	83542	68010	0
133	31748	52920	0
134	48859	49514	0
135	81845	17435	0
136	42601	18718	0
137	86238	91151	0
138	45299	64988	0
139	62185	25836	0
140	11634	34533	0
141	78552	4148	0
142	13894	5326	0
143	92302	59303	0
144	56936	84720	0
145	68516	9227	0
146	17397	70255	7055
147	89699	939	0
148	38265	21447	0
149	53860	87124	0
150	70961	35705	0
151	4560	13563	0
152	54424	90798	0
153	4714	99723	0
154	55787	66900	0
155	25560	67421	0
156	1433	4113	0
157	71570	15328	0
158	9439	63872	0
159	74632	66376	0
160	48593	43148	0
161	75603	65990	0
162	13403	65302	0
163	66930	51668	0
164	86749	20790	13781
165	38793	57711	0
166	56496	43353	0
167	71274	10920	0
168	34152	75989	0
169	10644	89939	6732
170	42889	36204	0
171	57360	44323	0
172	40317	28931	0
173	59651	49757	0
174	92803	34283	0
175	16133	41396	0
176	77431	91736	9748
177	7387	90835	0
178	57039	74317	0
179	42504	43789	0
180	95108	81297	0
181	1501	51604	0
182	24651	72775	0
183	62525	58804	0
184	48765	73169	0
185	48744	91654	0
186	9374	6104	0
187	35978	49691	0
188	35035	95630	0
189	99449	27839	0
190	29913	15582	10416
191	69236	7345	0
192	7318	76623	14678
193	98181	64358	0
194	50941	40685	0
195	8147	46049	0
196	21983	9648	10177
197	97654	46634	12251
198	82424	60179	0
199	5439	31189	0
200	33349	54183	0
201	22844	42723	0
202	60288	58823	0
203	92415	95324	0
204	54453	91864	0
205	23163	84366	0
206	7446	92400	0
207	91712	14765	0
208	69024	89893	0
209	79124	19966	0
210	30579	87271	0
211	66015	52562	0
212	96920	63669	0
213	99197	79345	0
214	23849	4636	0
215	10535	57198	0
216	58820	33379	14476
217	99922	19108	0
218	92202	92337	0
219	14432	46656	9968
220	84202	37596	0
221	31023	91648	0
222	29997	22735	0
223	6414	99021	0
224	12629	85538	0
225	18988	43208	0
226	72810	85003	0
227	95771	69731	0
228	48673	94968	0
229	49076	72522	0
230	99605	59611	0
231	29721	58425	0
232	92991	29643	0
233	77533	85194	0
234	21981	91966	0
235	31850	6183	0
236	29562	62873	0
237	97832	59559	0
238	85609	4247	0
239	58581	98239	5125
240	89786	77570	0
241	41447	62596	0
242	62573	37219	0
243	32328	11247	0
244	32187	81404	0
245	83770	31792	3116
246	41016	13491	0
247	90217	34008	0
248	43135	67751	0
249	19203	65116	6191
250	59717	51054	11956
251	71300	89279	0
252	13928	69133	0
253	48839	99537	0
254	73380	7421	0
255	97776	63166	0
256	84992	39224	0
257	25763	47565	0
258	76443	58091	0
259	58813	8631	0
260	39496	42583	14708
261	40423	80513	0
262	56074	30641	0
263	14522	99210	0
264	98392	33725	0
265	64326	58109	11465
266	84779	35627	0
267	47389	98707	0
268	4760	96229	0
269	98245	78141	0
270	3651	96022	0
271	41307	88643	9455
272	35246	67071	0
273	36209	11690	0
274	25162	95022	0
275	20322	64659	0
276	37605	60745	0
277	45173	93680	0
278	91387	59695	0
279	92890	89780	0
280	93420	57217	0
281	47890	78200	0
282	92845	95279	0
283	76907	97605	0
284	91509	75152	0
285	75746	95161	0
286	71174	17054	0
287	83805	6421	0
288	84125	20015	0
289	18112	9288	0
290	15037	38434	0
291	73948	52643	0
292	99180	19121	9512
293	46324	90567	0
294	78816	39215	0
295	80348	72236	0
296	96433	28238	10996
297	50437	89278	0
298	23518	27344	0
299	86884	15027	0
300	2497	62630	0
301	10189	73672	0
302	79685	93994	1360
303	80094	63811	0
304	14009	98207	0
305	73099	29047	0
306	36641	47047	0
307	81691	35822	0
308	66169	28015	0
309	26390	44985	0
310	67231	6738	0
311	17222	63664	0
312	34976	67659	0
313	52942	58494	0
314	95004	39826	0
315	73522	97502	0
316	2457	83711	0
317	71174	82142	7173
318	77706	51269	0
319	45953	91716	0
320	49476	19053	12224
321	20764	86118	0
322	66101	2455	0
323	21940	32270	0
324	30471	48330	0
325	77255	97702	0
326	55069	94478	0
327	61367	90045	0
328	62137	14309	0
329	48540	57142	0
330	54135	22062	0
331	54644	56593	0
332	5774	25818	0
333	38736	83481	14601
334	77088	84689	0
335	75198	26564	0
336	3743	95962	0
337	12682	69844	0
338	98418	34623	0
339	2115	28890	0
340	82953	79371	0
341	26593	38023	0
342	73849	87960	10937
343	28068	35987	0
344	2269	76609	0
345	93129	56405	0
346	98671	47773	0
347	12999	4446	0
348	73592	51735	0
349	87927	50681	0
350	36425	63125	0
351	77245	40168	0
352	59088	89928	0
353	10013	57507	0
354	24551	12128	0
355	86397	7505	0
356	91500	12990	0
357	45528	65349	0
358	950	73597	0
359	1337	3220	0
360	50206	94466	14884
361	59626	48878	335
362	42240	72625	0
363	53324	15833	0
364	24360	41252	0
365	66514	60785	0
366	4378	43760	0
367	954	63466	0
368	33688	10967	0
369	20973	58240	0
370	23096	7371	0
371	65745	14596	0
372	20361	11273	0
373	79946	21312	0
374	84871	81283	14017
375	24533	35077	0
376	75750	84160	0
377	83955	17991	0
378	56785	37280	0
379	33824	81146	0
380	78533	339	0
381	41932	82911	0
382	44099	42887	0
383	46378	77788	0
384	53855	67352	0
385	36028	76951	0
386	74723	1773	6084
387	91548	95085	0
388	13047	71494	7335
389	16398	97918	0
390	52778	40932	0
391	32996	28528	0
392	25092	16952	0
393	46519	81878	0
394	54232	80344	10257
395	63025	32766	0
396	80683	4958	0
397	15677	24783	0
398	47845	62056	0
399	2571	1700	0
400	29408	38600	0
link
#link	x	y	length	RIN	notes
1	1	19	6784	na	na
2	1	51	4541	na	na
3	1	73	2329	na	na
4	1	84	4796	na	na
5	1	100	6740	na	na
6	1	341	6354	na	na
7	1	343	3925	na	na
8	1	375	6882	na	na
9	1	391	5481	na	na
10	1	400	5213	na	na
11	2	26	5207	na	na
12	2	113	2116	na	na
13	2	196	6959	na	na
14	2	214	1904	na	na
15	2	370	4561	na	na
16	3	12	7953	na	na
17	3	25	1678	na	na
18	3	87	5509	na	na
19	3	96	7856	na	na
20	3	195	782	na	na
21	3	219	5543	na	na
22	3	366	5165	na	na
23	4	40	7878	na	na
24	4	52	6164	na	na
25	4	74	6522	na	na
26	4	114	5979	na	na
27	4	259	3905	na	na
28	4	322	7046	na	na
29	5	16	7902	na	na
30	5	41	4653	na	na
31	5	44	6495	na	na
32	5	104	5371	na	na
33	5	118	6882	na	na
34	5	144	7670	na	na
35	5	208	6112	na	na
36	5	251	7631	na	na
37	5	317	7549	na	na
38	5	327	5345	na	na
39	5	352	6872	na	na
40	6	104	7636	na	na
41	6	152	4496	na	na
42	6	204	3577	na	na
43	6	228	7890	na	na
44	6	239	4027	na	na
45	6	326	1517	na	na
46	6	327	6729	na	na
47	6	352	5448	na	na
48	6	360	6360	na	na
49	7	68	3131	na	na
50	7	123	6737	na	na
51	7	159	552	na	na
52	7	161	1464	na	na
53	7	303	6381	na	na
54	8	154	4479	na	na
55	8	202	7796	na	na
56	8	384	6444	na	na
57	9	23	7837	na	na
58	9	93	1380	na	na
59	9	183	736	na	na
60	9	202	2968	na	na
61	9	211	6917	na	na
62	9	265	1334	na	na
63	9	365	3763	na	na
64	10	176	723	na	na
65	10	233	7029	na	na
66	10	251	7292	na	na
67	10	283	5501	na	na
68	10	285	3700	na	na
69	10	302	2469	na	na
70	10	315	6918	na	na
71	10	325	5540	na	na
72	10	334	7572	na	na
73	10	342	5925	na	na
74	11	72	2101	na	na
75	11	197	3376	na	na
76	11	345	7405	na	na
77	11	346	2990	na	na
78	12	42	6187	na	na
79	12	96	7213	na	na
80	12	106	7540	na	na
81	12	181	6632	na	na
82	12	215	4234	na	na
83	12	353	4146	na	na
84	13	108	6903	na	na
85	13	175	7580	na	na
86	13	201	4861	na	na
87	13	219	6581	na	na
88	13	225	4480	na	na
89	13	257	4786	na	na
90	13	309	5843	na	na
91	13	364	6851	na	na
92	14	92	7472	na	na
93	14	103	2944	na	na
94	14	146	5779	na	na
95	14	158	7346	na	na
96	14	162	3446	na	na
97	14	249	2519	na	na
98	14	252	5419	na	na
99	14	275	3567	na	na
100	14	311	965	na	na
101	14	337	6712	na	na
102	14	369	7556	na	na
103	14	388	7908	na	na
104	15	20	5873	na	na
105	15	86	2485	na	na
106	15	115	6879	na	na
107	15	185	2980	na	na
108	15	204	7797	na	na
109	15	228	1938	na	na
110	15	253	5800	na	na
111	15	267	4678	na	na
112	15	271	7825	na	na
113	15	277	1831	na	na
114	15	293	3538	na	na
115	15	297	5898	na	na
116	15	319	2542	na	na
117	15	360	3266	na	na
118	16	118	7802	na	na
119	16	178	6347	na	na
120	17	33	4562	na	na
121	17	80	1891	na	na
122	17	127	3012	na	na
123	17	205	4716	na	na
124	17	210	3411	na	na
125	17	221	7113	na	na
126	17	244	5889	na	na
127	17	321	7065	na	na
128	17	379	7339	na	na
129	18	99	5269	na	na
130	18	220	3265	na	na
131	18	245	5592	na	na
132	18	256	4674	na	na
133	18	266	3861	na	na
134	18	294	3383	na	na
135	18	307	1067	na	na
136	18	351	5168	na	na
137	19	51	6575	na	na
138	19	309	6839	na	na
139	19	324	7892	na	na
140	19	341	5562	na	na
141	19	343	5721	na	na
142	19	364	7243	na	na
143	19	400	2885	na	na
144	20	86	3591	na	na
145	20	115	3776	na	na
146	20	188	6447	na	na
147	20	228	7296	na	na
148	20	267	6470	na	na
149	20	271	7462	na	na
150	20	277	4429	na	na
151	20	293	7366	na	na
152	20	319	6276	na	na
153	21	76	7143	na	na
154	21	221	7962	na	na
155	21	234	7417	na	na
156	21	274	3197	na	na
157	22	147	1280	na	na
158	22	238	6508	na	na
159	23	81	7967	na	na
160	23	93	6832	na	na
161	23	97	5121	na	na
162	23	117	2133	na	na
163	23	163	2840	na	na
164	23	173	4693	na	na
165	23	183	7855	na	na
166	23	211	2364	na	na
167	23	250	4427	na	na
168	23	265	6994	na	na
169	23	361	5042	na	na
170	24	139	5081	na	na
171	24	305	6298	na	na
172	24	308	1051	na	na
173	24	395	6690	na	na
174	25	87	4675	na	na
175	25	175	7093	na	na
176	25	195	2149	na	na
177	25	219	4710	na	na
178	25	366	5779	na	na
179	26	113	5683	na	na
180	26	142	5831	na	na
181	26	196	3949	na	na
182	26	214	4628	na	na
183	26	289	3171	na	na
184	26	347	6919	na	na
185	26	354	7496	na	na
186	26	370	3596	na	na
187	26	372	4840	na	na
188	27	69	2633	na	na
189	27	174	7307	na	na
190	27	189	4689	na	na
191	27	232	2994	na	na
192	27	264	7404	na	na
193	27	296	1910	na	na
194	28	52	5143	na	na
195	28	61	2739	na	na
196	28	79	7865	na	na
197	28	259	7373	na	na
198	28	328	2134	na	na
199	28	363	7271	na	na
200	28	371	5284	na	na
201	29	91	7181	na	na
202	29	118	6176	na	na
203	29	123	7632	na	na
204	29	226	7827	na	na
205	29	295	7792	na	na
206	29	317	5813	na	na
207	29	334	7788	na	na
208	29	376	6925	na	na
209	30	94	3536	na	na
210	30	135	4291	na	na
211	30	164	6485	na	na
212	30	209	1882	na	na
213	30	288	4084	na	na
214	30	335	7230	na	na
215	30	373	372	na	na
216	30	377	5027	na	na
217	31	37	5525	na	na
218	31	99	7727	na	na
219	31	110	3635	na	na
220	31	150	6626	na	na
221	31	351	6226	na	na
222	32	282	7881	na	na
223	33	35	7221	na	na
224	33	80	3000	na	na
225	33	127	7447	na	na
226	33	205	5745	na	na
227	33	210	7150	na	na
228	33	244	4599	na	na
229	33	379	6203	na	na
230	34	133	7513	na	na
231	34	165	3276	na	na
232	34	200	5616	na	na
233	34	231	6201	na	na
234	34	236	7302	na	na
235	34	241	6527	na	na
236	34	272	7895	na	na
237	34	276	2321	na	na
238	34	350	3964	na	na
239	35	63	6913	na	na
240	35	182	5680	na	na
241	35	205	7276	na	na
242	36	45	4851	na	na
243	36	62	7083	na	na
244	36	97	4947	na	na
245	36	134	6745	na	na
246	36	166	4340	na	na
247	36	171	3807	na	na
248	36	173	4884	na	na
249	36	250	5647	na	na
250	36	361	4527	na	na
251	36	390	7063	na	na
252	37	110	3203	na	na
253	37	124	5192	na	na
254	37	125	7212	na	na
255	37	291	6631	na	na
256	37	294	7759	na	na
257	37	318	5613	na	na
258	37	348	5845	na	na
259	37	351	6284	na	na
260	38	71	7392	na	na
261	38	88	4783	na	na
262	38	160	3696	na	na
263	38	170	6027	na	na
264	38	179	6909	na	na
265	38	194	3232	na	na
266	38	382	5105	na	na
267	38	390	5052	na	na
268	39	47	6944	na	na
269	39	129	7523	na	na
270	39	207	5574	na	na
271	39	217	4924	na	na
272	39	292	4581	na	na
273	39	356	6106	na	na
274	40	59	7331	na	na
275	40	74	1476	na	na
276	40	89	6421	na	na
277	40	109	6074	na	na
278	40	114	7319	na	na
279	40	145	2503	na	na
280	40	167	5666	na	na
281	40	191	2326	na	na
282	40	254	6470	na	na
283	40	310	652	na	na
284	40	322	4918	na	na
285	40	371	7382	na	na
286	41	104	1272	na	na
287	41	144	3509	na	na
288	41	149	6119	na	na
289	41	152	6989	na	na
290	41	204	7667	na	na
291	41	327	3800	na	na
292	41	352	3516	na	na
293	42	215	4082	na	na
294	42	353	4685	na	na
295	42	369	7980	na	na
296	43	101	3231	na	na
297	43	103	7946	na	na
298	43	111	6767	na	na
299	43	146	5502	na	na
300	43	192	6828	na	na
301	43	252	5264	na	na
302	43	301	3655	na	na
303	43	337	4679	na	na
304	43	388	2990	na	na
305	44	118	7484	na	na
306	44	120	5222	na	na
307	44	176	7733	na	na
308	44	208	2234	na	na
309	44	226	3961	na	na
310	44	233	7636	na	na
311	44	251	1289	na	na
312	44	317	6134	na	na
313	44	334	7457	na	na
314	44	342	3329	na	na
315	44	376	6626	na	na
316	45	62	2617	na	na
317	45	97	7284	na	na
318	45	128	6388	na	na
319	45	134	3174	na	na
320	45	173	7974	na	na
321	45	250	7970	na	na
322	45	313	7757	na	na
323	45	329	7081	na	na
324	45	331	6450	na	na
325	46	60	4743	na	na
326	46	332	4731	na	na
327	46	397	6213	na	na
328	47	107	3487	na	na
329	47	129	745	na	na
330	47	207	5580	na	na
331	47	355	7002	na	na
332	47	356	3975	na	na
333	48	55	3478	na	na
334	48	102	2391	na	na
335	48	222	7904	na	na
336	48	298	6669	na	na
337	48	392	4716	na	na
338	48	397	7770	na	na
339	49	143	2432	na	na
340	49	198	7950	na	na
341	49	237	7821	na	na
342	49	278	1945	na	na
343	49	280	3439	na	na
344	49	345	3503	na	na
345	49	349	7846	na	na
346	50	53	4774	na	na
347	50	59	7212	na	na
348	50	89	7299	na	na
349	50	94	6917	na	na
350	50	95	6041	na	na
351	50	105	5798	na	na
352	50	135	6317	na	na
353	50	141	7389	na	na
354	50	254	7705	na	na
355	50	287	6277	na	na
356	50	299	7798	na	na
357	50	355	7505	na	na
358	50	377	7697	na	na
359	50	396	6479	na	na
360	51	73	3832	na	na
361	51	170	7394	na	na
362	51	172	7942	na	na
363	51	343	7516	na	na
364	51	391	7224	na	na
365	51	400	6981	na	na
366	52	61	4760	na	na
367	52	74	7414	na	na
368	52	259	2292	na	na
369	52	328	4668	na	na
370	52	363	7451	na	na
371	52	371	7745	na	na
372	53	59	7216	na	na
373	53	95	3666	na	na
374	53	105	6228	na	na
375	53	141	3967	na	na
376	53	238	4909	na	na
377	53	287	2393	na	na
378	53	355	4987	na	na
379	53	380	7141	na	na
380	53	396	2048	na	na
381	54	85	4299	na	na
382	54	178	7948	na	na
383	54	184	5810	na	na
384	54	229	6358	na	na
385	54	281	2597	na	na
386	54	383	4162	na	na
387	54	393	5018	na	na
388	54	394	4127	na	na
389	55	102	1739	na	na
390	55	196	7695	na	na
391	55	354	5891	na	na
392	55	372	6238	na	na
393	55	392	3308	na	na
394	56	67	3770	na	na
395	56	77	1111	na	na
396	56	91	5898	na	na
397	56	126	6901	na	na
398	56	240	5617	na	na
399	56	340	3903	na	na
400	56	374	1263	na	na
401	57	98	5200	na	na
402	57	153	860	na	na
403	57	223	2680	na	na
404	57	268	3721	na	na
405	57	270	3825	na	na
406	57	336	3880	na	na
407	58	83	7751	na	na
408	58	136	6192	na	na
409	58	148	4198	na	na
410	58	190	6902	na	na
411	58	243	7632	na	na
412	58	246	6126	na	na
413	58	273	5951	na	na
414	58	368	7237	na	na
415	59	89	2097	na	na
416	59	95	3967	na	na
417	59	105	1416	na	na
418	59	141	5192	na	na
419	59	145	6126	na	na
420	59	167	4884	na	na
421	59	191	5009	na	na
422	59	254	939	na	na
423	59	310	7012	na	na
424	59	380	7956	na	na
425	59	386	5285	na	na
426	59	396	6773	na	na
427	60	199	5221	na	na
428	60	332	197	na	na
429	60	339	4753	na	na
430	61	79	5923	na	na
431	61	259	6994	na	na
432	61	328	4451	na	na
433	61	330	7495	na	na
434	61	363	4549	na	na
435	61	371	7938	na	na
436	62	82	7847	na	na
437	62	128	3776	na	na
438	62	134	1523	na	na
439	62	160	7883	na	na
440	62	329	6158	na	na
441	62	331	7839	na	na
442	63	66	6419	na	na
443	63	146	7634	na	na
444	63	155	4103	na	na
445	63	182	1329	na	na
446	64	89	6378	na	na
447	64	94	7712	na	na
448	64	105	7939	na	na
449	64	145	6691	na	na
450	64	157	347	na	na
451	64	167	4173	na	na
452	64	254	7803	na	na
453	64	286	2086	na	na
454	64	371	6065	na	na
455	65	108	7528	na	na
456	65	116	1759	na	na
457	65	133	2357	na	na
458	65	187	6624	na	na
459	65	200	4382	na	na
460	65	231	6651	na	na
461	65	257	5754	na	na
462	65	309	7547	na	na
463	65	324	3530	na	na
464	66	155	2358	na	na
465	66	182	7748	na	na
466	66	231	7556	na	na
467	66	236	3902	na	na
468	66	249	7259	na	na
469	66	275	6166	na	na
470	67	77	2901	na	na
471	67	91	7810	na	na
472	67	137	5820	na	na
473	67	279	7299	na	na
474	67	340	7284	na	na
475	67	374	4652	na	na
476	68	123	3613	na	na
477	68	132	7397	na	na
478	68	159	2626	na	na
479	68	161	2582	na	na
480	68	295	5603	na	na
481	68	303	6127	na	na
482	69	164	7993	na	na
483	69	174	7709	na	na
484	69	189	7309	na	na
485	69	232	3139	na	na
486	69	247	7686	na	na
487	69	296	4498	na	na
488	70	78	2450	na	na
489	70	90	1935	na	na
490	70	136	6583	na	na
491	70	246	6255	na	na
492	70	320	5474	na	na
493	70	363	6333	na	na
494	71	88	7764	na	na
495	71	170	3097	na	na
496	71	172	5665	na	na
497	72	197	2179	na	na
498	72	346	2860	na	na
499	73	84	5918	na	na
500	73	100	6527	na	na
501	73	172	7943	na	na
502	73	343	6253	na	na
503	73	391	3789	na	na
504	73	400	7304	na	na
505	74	89	7850	na	na
506	74	109	6535	na	na
507	74	114	6884	na	na
508	74	145	3598	na	na
509	74	167	6835	na	na
510	74	191	3801	na	na
511	74	254	7945	na	na
512	74	259	6741	na	na
513	74	310	1903	na	na
514	74	322	4957	na	na
515	74	328	7684	na	na
516	74	371	7235	na	na
517	75	121	3528	na	na
518	75	168	6992	na	na
519	75	248	5196	na	na
520	75	272	5904	na	na
521	75	312	5701	na	na
522	75	362	3172	na	na
523	75	385	6544	na	na
524	76	188	2312	na	na
525	76	221	6037	na	na
526	77	91	6771	na	na
527	77	126	6450	na	na
528	77	240	5719	na	na
529	77	340	5012	na	na
530	77	374	2341	na	na
531	78	90	712	na	na
532	78	246	7407	na	na
533	78	320	7350	na	na
534	78	363	6491	na	na
535	79	320	4596	na	na
536	79	330	2046	na	na
537	79	363	4239	na	na
538	80	127	4495	na	na
539	80	205	3774	na	na
540	80	210	5177	na	na
541	80	244	5774	na	na
542	80	321	6583	na	na
543	80	379	7393	na	na
544	81	110	7473	na	na
545	81	117	5895	na	na
546	81	125	826	na	na
547	81	163	5143	na	na
548	81	211	5832	na	na
549	81	258	6651	na	na
550	81	291	2258	na	na
551	81	318	6259	na	na
552	81	348	2403	na	na
553	82	138	7111	na	na
554	82	313	4057	na	na
555	82	329	1751	na	na
556	82	331	6173	na	na
557	82	357	7316	na	na
558	82	398	3369	na	na
559	83	136	7436	na	na
560	83	148	3644	na	na
561	83	172	4184	na	na
562	83	391	6692	na	na
563	84	100	3722	na	na
564	84	298	5286	na	na
565	84	323	5581	na	na
566	84	341	7097	na	na
567	84	343	5068	na	na
568	84	375	4992	na	na
569	84	391	6134	na	na
570	84	400	7900	na	na
571	85	178	5390	na	na
572	85	184	3233	na	na
573	85	229	3321	na	na
574	85	281	5201	na	na
575	85	383	6159	na	na
576	85	384	7587	na	na
577	85	394	6282	na	na
578	86	115	5665	na	na
579	86	185	5420	na	na
580	86	228	3705	na	na
581	86	253	5488	na	na
582	86	267	3911	na	na
583	86	271	7881	na	na
584	86	277	1920	na	na
585	86	293	5193	na	na
586	86	319	3988	na	na
587	86	360	5306	na	na
588	87	140	7321	na	na
589	87	195	5222	na	na
590	87	290	7526	na	na
591	87	366	4582	na	na
592	88	160	5611	na	na
593	88	170	4856	na	na
594	88	179	2894	na	na
595	88	194	7554	na	na
596	88	260	4194	na	na
597	88	382	1982	na	na
598	89	95	5749	na	na
599	89	105	2342	na	na
600	89	141	7149	na	na
601	89	145	4649	na	na
602	89	157	6687	na	na
603	89	167	2808	na	na
604	89	191	4183	na	na
605	89	254	1426	na	na
606	89	310	6276	na	na
607	89	386	7229	na	na
608	90	246	7452	na	na
609	90	320	6639	na	na
610	90	363	5944	na	na
611	91	233	4316	na	na
612	91	334	4235	na	na
613	91	340	3686	na	na
614	91	374	4750	na	na
615	91	376	5007	na	na
616	92	101	6783	na	na
617	92	103	4887	na	na
618	92	111	7539	na	na
619	92	158	3159	na	na
620	92	162	4064	na	na
621	92	252	4709	na	na
622	92	301	6669	na	na
623	92	337	4094	na	na
624	92	388	5576	na	na
625	93	117	6972	na	na
626	93	163	6828	na	na
627	93	183	1925	na	na
628	93	202	4057	na	na
629	93	211	5668	na	na
630	93	265	177	na	na
631	93	365	3629	na	na
632	94	135	3116	na	na
633	94	157	7814	na	na
634	94	209	1770	na	na
635	94	286	7742	na	na
636	94	288	5592	na	na
637	94	373	3287	na	na
638	94	377	5131	na	na
639	95	105	3477	na	na
640	95	141	1656	na	na
641	95	238	7773	na	na
642	95	254	4904	na	na
643	95	287	5876	na	na
644	95	380	5390	na	na
645	95	386	5096	na	na
646	95	396	2810	na	na
647	96	106	5928	na	na
648	96	181	1873	na	na
649	96	195	7289	na	na
650	96	366	6508	na	na
651	97	117	7254	na	na
652	97	163	7946	na	na
653	97	166	7847	na	na
654	97	171	6669	na	na
655	97	173	1195	na	na
656	97	211	7205	na	na
657	97	250	736	na	na
658	97	331	7284	na	na
659	97	361	1991	na	na
660	98	153	4378	na	na
661	98	177	7030	na	na
662	98	206	5483	na	na
663	98	223	2548	na	na
664	98	263	6072	na	na
665	98	268	4155	na	na
666	98	270	5267	na	na
667	98	304	5402	na	na
668	98	336	5201	na	na
669	98	389	7774	na	na
670	99	150	4889	na	na
671	99	294	4384	na	na
672	99	305	7467	na	na
673	99	307	5850	na	na
674	99	351	4404	na	na
675	100	222	4932	na	na
676	100	298	5207	na	na
677	100	391	4394	na	na
678	101	111	3607	na	na
679	101	146	7633	na	na
680	101	192	4371	na	na
681	101	252	5682	na	na
682	101	301	424	na	na
683	101	337	4417	na	na
684	101	388	3318	na	na
685	102	190	7420	na	na
686	102	354	6546	na	na
687	102	372	7736	na	na
688	102	392	2533	na	na
689	103	146	4703	na	na
690	103	158	5766	na	na
691	103	162	1670	na	na
692	103	249	4825	na	na
693	103	252	2721	na	na
694	103	275	6028	na	na
695	103	311	3870	na	na
696	103	337	3852	na	na
697	103	388	5233	na	na
698	104	144	3980	na	na
699	104	149	5717	na	na
700	104	152	5972	na	na
701	104	204	6562	na	na
702	104	327	2948	na	na
703	104	352	2248	na	na
704	105	141	4989	na	na
705	105	145	6922	na	na
706	105	167	5019	na	na
707	105	191	6112	na	na
708	105	254	2009	na	na
709	105	386	6204	na	na
710	105	396	6141	na	na
711	106	181	4063	na	na
712	106	300	7517	na	na
713	107	129	2809	na	na
714	107	207	5219	na	na
715	107	238	7019	na	na
716	107	287	6873	na	na
717	107	299	5812	na	na
718	107	355	4112	na	na
719	107	356	3533	na	na
720	108	116	6481	na	na
721	108	257	7184	na	na
722	108	369	4540	na	na
723	109	114	4141	na	na
724	109	145	7938	na	na
725	109	191	6179	na	na
726	109	310	5465	na	na
727	109	322	2127	na	na
728	109	386	6843	na	na
729	110	125	6849	na	na
730	110	163	7821	na	na
731	110	291	7002	na	na
732	110	318	7728	na	na
733	110	348	6034	na	na
734	110	351	7627	na	na
735	111	192	2584	na	na
736	111	301	3198	na	na
737	111	337	7062	na	na
738	111	344	5386	na	na
739	111	358	6080	na	na
740	111	388	6555	na	na
741	112	143	7524	na	na
742	112	193	3052	na	na
743	112	212	2701	na	na
744	112	227	3686	na	na
745	112	230	7559	na	na
746	112	237	6848	na	na
747	112	255	3587	na	na
748	112	278	7643	na	na
749	113	196	6093	na	na
750	113	214	1055	na	na
751	113	235	7271	na	na
752	113	354	7869	na	na
753	113	370	3561	na	na
754	114	310	6960	na	na
755	114	322	2904	na	na
756	115	188	6074	na	na
757	115	271	4022	na	na
758	115	277	5048	na	na
759	115	293	6374	na	na
760	115	319	5752	na	na
761	116	133	4116	na	na
762	116	187	7885	na	na
763	116	200	6141	na	na
764	116	231	7714	na	na
765	116	257	4091	na	na
766	116	309	6147	na	na
767	116	324	3417	na	na
768	117	125	6244	na	na
769	117	163	766	na	na
770	117	173	6791	na	na
771	117	211	1311	na	na
772	117	250	6557	na	na
773	117	265	7104	na	na
774	117	291	7797	na	na
775	117	348	7335	na	na
776	117	361	7064	na	na
777	118	226	5389	na	na
778	118	317	2213	na	na
779	118	376	7181	na	na
780	119	298	5964	na	na
781	119	323	5349	na	na
782	119	397	4638	na	na
783	120	208	3224	na	na
784	120	251	4681	na	na
785	120	285	7465	na	na
786	120	315	6630	na	na
787	120	327	7823	na	na
788	120	342	7354	na	na
789	121	168	7683	na	na
790	121	241	7710	na	na
791	121	248	6349	na	na
792	121	272	2376	na	na
793	121	312	2215	na	na
794	121	350	5695	na	na
795	121	362	6589	na	na
796	122	130	7152	na	na
797	122	320	7583	na	na
798	122	330	7183	na	na
799	123	132	5667	na	na
800	123	159	6217	na	na
801	123	161	5944	na	na
802	123	295	2000	na	na
803	123	303	7347	na	na
804	124	294	7627	na	na
805	124	318	5421	na	na
806	124	351	7266	na	na
807	125	163	5517	na	na
808	125	211	6333	na	na
809	125	258	6758	na	na
810	125	291	1602	na	na
811	125	318	5551	na	na
812	125	348	1585	na	na
813	126	180	3236	na	na
814	126	213	6682	na	na
815	126	240	3264	na	na
816	126	269	5858	na	na
817	126	284	4326	na	na
818	126	374	7881	na	na
819	127	205	5231	na	na
820	127	210	3906	na	na
821	127	221	5502	na	na
822	127	234	6123	na	na
823	127	274	7055	na	na
824	127	321	6344	na	na
825	128	134	4037	na	na
826	128	329	6356	na	na
827	129	207	5597	na	na
828	129	355	6258	na	na
829	129	356	3888	na	na
830	130	216	6567	na	na
831	130	262	4296	na	na
832	130	378	6434	na	na
833	131	192	6777	na	na
834	131	316	3318	na	na
835	131	344	3898	na	na
836	131	358	6919	na	na
837	132	198	7910	na	na
838	132	295	5298	na	na
839	132	303	5433	na	na
840	133	187	5321	na	na
841	133	200	2039	na	na
842	133	231	5865	na	na
843	133	306	7644	na	na
844	133	324	4764	na	na
845	134	160	6372	na	na
846	134	329	7634	na	na
847	135	164	5942	na	na
848	135	209	3716	na	na
849	135	288	3443	na	na
850	135	299	5584	na	na
851	135	373	4317	na	na
852	135	377	2182	na	na
853	136	148	5122	na	na
854	136	246	5461	na	na
855	136	320	6883	na	na
856	137	203	7454	na	na
857	137	218	6081	na	na
858	137	279	6792	na	na
859	137	282	7790	na	na
860	137	302	7143	na	na
861	137	387	6608	na	na
862	138	241	4533	na	na
863	138	248	3509	na	na
864	138	357	428	na	na
865	138	398	3883	na	na
866	139	262	7773	na	na
867	139	308	4540	na	na
868	139	395	6979	na	na
869	140	199	7039	na	na
870	140	290	5177	na	na
871	141	238	7057	na	na
872	141	254	6120	na	na
873	141	287	5723	na	na
874	141	380	3809	na	na
875	141	386	4506	na	na
876	141	396	2279	na	na
877	142	186	4586	na	na
878	142	289	5787	na	na
879	142	347	1255	na	na
880	143	193	7752	na	na
881	143	212	6355	na	na
882	143	230	7309	na	na
883	143	237	5536	na	na
884	143	255	6700	na	na
885	143	278	995	na	na
886	143	280	2366	na	na
887	143	345	3013	na	na
888	144	149	3904	na	na
889	144	152	6576	na	na
890	144	204	7563	na	na
891	144	297	7938	na	na
892	144	327	6927	na	na
893	144	352	5634	na	na
894	144	394	5144	na	na
895	145	157	6822	na	na
896	145	167	3236	na	na
897	145	191	2014	na	na
898	145	254	5188	na	na
899	145	310	2801	na	na
900	145	322	7189	na	na
901	145	371	6041	na	na
902	146	162	6362	na	na
903	146	182	7680	na	na
904	146	249	5446	na	na
905	146	252	3645	na	na
906	146	275	6313	na	na
907	146	301	7976	na	na
908	146	311	6593	na	na
909	146	337	4732	na	na
910	146	388	4522	na	na
911	147	238	5259	na	na
912	147	355	7348	na	na
913	148	172	7760	na	na
914	149	152	3716	na	na
915	149	185	6833	na	na
916	149	204	4776	na	na
917	149	297	4044	na	na
918	149	326	7452	na	na
919	149	352	5932	na	na
920	149	394	6790	na	na
921	150	305	6992	na	na
922	150	351	7707	na	na
923	152	185	5744	na	na
924	152	204	1066	na	na
925	152	228	7103	na	na
926	152	297	4267	na	na
927	152	326	3735	na	na
928	152	327	6983	na	na
929	152	352	4744	na	na
930	152	360	5589	na	na
931	153	206	7815	na	na
932	153	223	1839	na	na
933	153	268	3493	na	na
934	153	270	3850	na	na
935	153	336	3884	na	na
936	154	178	7521	na	na
937	154	384	1984	na	na
938	155	182	5431	na	na
939	155	236	6057	na	na
940	155	249	6761	na	na
941	155	275	5921	na	na
942	156	359	897	na	na
943	156	399	2667	na	na
944	157	167	4417	na	na
945	157	286	1770	na	na
946	157	371	5870	na	na
947	158	162	4214	na	na
948	158	215	6763	na	na
949	158	252	6915	na	na
950	158	300	7051	na	na
951	158	311	7785	na	na
952	158	337	6796	na	na
953	158	353	6391	na	na
954	159	161	1045	na	na
955	159	303	6034	na	na
956	160	166	7905	na	na
957	160	179	6122	na	na
958	160	194	3402	na	na
959	160	382	4501	na	na
960	160	390	4735	na	na
961	161	258	7943	na	na
962	161	295	7844	na	na
963	161	303	4991	na	na
964	162	249	5802	na	na
965	162	252	3866	na	na
966	162	275	6948	na	na
967	162	311	4155	na	na
968	162	337	4598	na	na
969	162	388	6202	na	na
970	163	173	7525	na	na
971	163	211	1278	na	na
972	163	250	7239	na	na
973	163	265	6947	na	na
974	163	291	7085	na	na
975	163	348	6663	na	na
976	163	361	7818	na	na
977	164	207	7805	na	na
978	164	209	7670	na	na
979	164	288	2736	na	na
980	164	299	5764	na	na
981	164	373	6823	na	na
982	164	377	3955	na	na
983	165	200	6487	na	na
984	165	241	5559	na	na
985	165	276	3258	na	na
986	165	350	5909	na	na
987	166	171	1298	na	na
988	166	173	7138	na	na
989	166	194	6162	na	na
990	166	361	6349	na	na
991	166	378	6080	na	na
992	166	390	4437	na	na
993	167	191	4115	na	na
994	167	254	4083	na	na
995	167	286	6134	na	na
996	167	310	5817	na	na
997	167	371	6639	na	na
998	168	244	5761	na	na
999	168	261	7732	na	na
1000	168	379	5167	na	na
1001	168	385	2108	na	na
1002	169	177	3377	na	na
1003	169	206	4034	na	na
1004	169	224	4827	na	na
1005	170	172	7714	na	na
1006	170	179	7594	na	na
1007	170	260	7224	na	na
1008	170	382	6791	na	na
1009	171	173	5896	na	na
1010	171	194	7378	na	na
1011	171	250	7131	na	na
1012	171	361	5087	na	na
1013	171	378	7066	na	na
1014	171	390	5700	na	na
1015	172	391	7332	na	na
1016	173	211	6954	na	na
1017	173	250	1298	na	na
1018	173	361	879	na	na
1019	174	232	4643	na	na
1020	174	247	2600	na	na
1021	174	264	5616	na	na
1022	174	296	7051	na	na
1023	174	314	5963	na	na
1024	174	338	5625	na	na
1025	175	201	6841	na	na
1026	175	219	5527	na	na
1027	175	225	3381	na	na
1028	175	290	3158	na	na
1029	176	233	6542	na	na
1030	176	251	6605	na	na
1031	176	283	5892	na	na
1032	176	285	3816	na	na
1033	176	302	3190	na	na
1034	176	315	6965	na	na
1035	176	325	5968	na	na
1036	176	334	7055	na	na
1037	176	342	5205	na	na
1038	176	376	7760	na	na
1039	177	206	1566	na	na
1040	177	224	7452	na	na
1041	177	268	6000	na	na
1042	177	270	6391	na	na
1043	177	336	6290	na	na
1044	178	384	7658	na	na
1045	178	394	6648	na	na
1046	179	260	3240	na	na
1047	179	306	6707	na	na
1048	179	382	1832	na	na
1049	180	213	4531	na	na
1050	180	240	6497	na	na
1051	180	269	4450	na	na
1052	180	284	7121	na	na
1053	183	202	2237	na	na
1054	183	211	7151	na	na
1055	183	265	1930	na	na
1056	183	365	4454	na	na
1057	184	229	717	na	na
1058	184	248	7813	na	na
1059	184	281	5105	na	na
1060	184	362	6547	na	na
1061	184	383	5198	na	na
1062	184	384	7729	na	na
1063	185	204	5712	na	na
1064	185	228	3314	na	na
1065	185	253	7883	na	na
1066	185	267	7181	na	na
1067	185	277	4105	na	na
1068	185	293	2652	na	na
1069	185	297	2918	na	na
1070	185	319	2790	na	na
1071	185	326	6926	na	na
1072	185	360	3169	na	na
1073	186	347	3986	na	na
1074	187	200	5204	na	na
1075	187	260	7931	na	na
1076	187	306	2726	na	na
1077	187	324	5672	na	na
1078	188	221	5652	na	na
1079	189	232	6704	na	na
1080	189	264	5979	na	na
1081	189	296	3042	na	na
1082	189	338	6861	na	na
1083	190	222	7154	na	na
1084	190	243	4961	na	na
1085	190	273	7401	na	na
1086	190	354	6378	na	na
1087	190	368	5961	na	na
1088	190	392	5012	na	na
1089	191	254	4144	na	na
1090	191	310	2095	na	na
1091	191	322	5808	na	na
1092	191	386	7820	na	na
1093	192	301	4117	na	na
1094	192	344	5049	na	na
1095	192	358	7050	na	na
1096	192	388	7689	na	na
1097	193	212	1436	na	na
1098	193	227	5888	na	na
1099	193	230	4955	na	na
1100	193	237	4811	na	na
1101	193	255	1258	na	na
1102	194	378	6763	na	na
1103	194	382	7187	na	na
1104	194	390	1853	na	na
1105	195	219	6314	na	na
1106	195	366	4410	na	na
1107	196	214	5348	na	na
1108	196	289	3887	na	na
1109	196	354	3570	na	na
1110	196	370	2535	na	na
1111	196	372	2295	na	na
1112	196	392	7937	na	na
1113	197	314	7305	na	na
1114	197	346	1527	na	na
1115	198	258	6334	na	na
1116	198	303	4314	na	na
1117	199	332	5381	na	na
1118	199	339	4041	na	na
1119	200	231	5581	na	na
1120	200	276	7822	na	na
1121	200	306	7858	na	na
1122	200	324	6521	na	na
1123	201	225	3887	na	na
1124	201	257	5653	na	na
1125	201	309	4205	na	na
1126	201	341	6012	na	na
1127	201	364	2112	na	na
1128	201	375	7830	na	na
1129	201	400	7751	na	na
1130	202	250	7789	na	na
1131	202	265	4101	na	na
1132	202	313	7353	na	na
1133	202	331	6068	na	na
1134	202	365	6528	na	na
1135	203	218	2994	na	na
1136	203	279	5564	na	na
1137	203	282	431	na	na
1138	203	387	899	na	na
1139	204	228	6560	na	na
1140	204	239	7594	na	na
1141	204	297	4776	na	na
1142	204	326	2685	na	na
1143	204	327	7149	na	na
1144	204	352	5023	na	na
1145	204	360	4980	na	na
1146	205	210	7963	na	na
1147	205	234	7690	na	na
1148	205	321	2970	na	na
1149	206	223	6701	na	na
1150	206	268	4677	na	na
1151	206	270	5245	na	na
1152	206	336	5138	na	na
1153	207	299	4835	na	na
1154	207	356	1787	na	na
1155	208	226	6184	na	na
1156	208	251	2357	na	na
1157	208	327	7659	na	na
1158	208	342	5197	na	na
1159	209	288	5001	na	na
1160	209	335	7678	na	na
1161	209	373	1577	na	na
1162	209	377	5219	na	na
1163	210	221	4399	na	na
1164	210	244	6083	na	na
1165	210	379	6931	na	na
1166	211	250	6476	na	na
1167	211	265	5798	na	na
1168	211	291	7932	na	na
1169	211	348	7622	na	na
1170	211	361	7375	na	na
1171	212	227	6169	na	na
1172	212	230	4865	na	na
1173	212	237	4209	na	na
1174	212	255	993	na	na
1175	212	278	6812	na	na
1176	212	280	7340	na	na
1177	213	269	1535	na	na
1178	214	289	7385	na	na
1179	214	354	7524	na	na
1180	214	370	2836	na	na
1181	214	372	7497	na	na
1182	215	353	606	na	na
1183	216	242	5369	na	na
1184	216	262	3877	na	na
1185	216	378	4399	na	na
1186	216	395	4249	na	na
1187	217	292	741	na	na
1188	218	279	2648	na	na
1189	218	282	3011	na	na
1190	218	387	2824	na	na
1191	219	225	5712	na	na
1192	220	245	5820	na	na
1193	220	247	7004	na	na
1194	220	256	1809	na	na
1195	220	266	2052	na	na
1196	220	294	5623	na	na
1197	220	307	3074	na	na
1198	220	351	7416	na	na
1199	221	274	6761	na	na
1200	222	298	7951	na	na
1201	222	391	6523	na	na
1202	222	392	7583	na	na
1203	223	268	3245	na	na
1204	223	270	4078	na	na
1205	223	304	7638	na	na
1206	223	336	4061	na	na
1207	225	290	6196	na	na
1208	225	309	7612	na	na
1209	225	364	5717	na	na
1210	226	233	4726	na	na
1211	226	251	4535	na	na
1212	226	317	3295	na	na
1213	226	334	4289	na	na
1214	226	342	3133	na	na
1215	226	376	3058	na	na
1216	227	255	6864	na	na
1217	227	284	6895	na	na
1218	228	253	4572	na	na
1219	228	267	3953	na	na
1220	228	277	3729	na	na
1221	228	293	4988	na	na
1222	228	297	5957	na	na
1223	228	319	4239	na	na
1224	228	326	6414	na	na
1225	228	360	1612	na	na
1226	229	248	7620	na	na
1227	229	281	5799	na	na
1228	229	362	6836	na	na
1229	229	383	5916	na	na
1230	229	384	7040	na	na
1231	230	237	1773	na	na
1232	230	255	3997	na	na
1233	230	280	6631	na	na
1234	230	345	7225	na	na
1235	231	236	4451	na	na
1236	232	247	5171	na	na
1237	232	264	6769	na	na
1238	232	296	3717	na	na
1239	232	338	7365	na	na
1240	233	251	7452	na	na
1241	233	317	7053	na	na
1242	233	334	673	na	na
1243	233	340	7955	na	na
1244	233	342	4606	na	na
1245	233	376	2061	na	na
1246	234	274	4411	na	na
1247	234	321	5973	na	na
1248	235	243	5086	na	na
1249	235	273	7023	na	na
1250	235	368	5124	na	na
1251	236	272	7065	na	na
1252	236	312	7225	na	na
1253	236	350	6866	na	na
1254	237	255	3607	na	na
1255	237	278	6446	na	na
1256	237	280	4995	na	na
1257	237	345	5662	na	na
1258	238	287	2825	na	na
1259	238	355	3351	na	na
1260	238	396	4976	na	na
1261	239	326	5146	na	na
1262	240	284	2968	na	na
1263	240	340	7065	na	na
1264	240	374	6160	na	na
1265	241	248	5423	na	na
1266	241	272	7646	na	na
1267	241	276	4264	na	na
1268	241	350	5050	na	na
1269	241	357	4922	na	na
1270	241	398	6420	na	na
1271	242	378	5788	na	na
1272	242	395	4475	na	na
1273	243	273	3906	na	na
1274	243	354	7826	na	na
1275	243	368	1388	na	na
1276	244	333	6869	na	na
1277	244	379	1657	na	na
1278	244	385	5880	na	na
1279	245	247	6817	na	na
1280	245	256	7532	na	na
1281	245	266	3965	na	na
1282	245	307	4534	na	na
1283	246	273	5133	na	na
1284	246	368	7750	na	na
1285	247	256	7383	na	na
1286	247	266	5673	na	na
1287	247	314	7533	na	na
1288	248	272	7917	na	na
1289	248	357	3390	na	na
1290	248	362	4955	na	na
1291	248	398	7390	na	na
1292	249	252	6630	na	na
1293	249	275	1208	na	na
1294	249	311	2456	na	na
1295	249	369	7101	na	na
1296	250	331	7511	na	na
1297	250	361	2177	na	na
1298	251	285	7373	na	na
1299	251	317	7138	na	na
1300	251	334	7386	na	na
1301	251	342	2870	na	na
1302	251	376	6783	na	na
1303	252	275	7803	na	na
1304	252	301	5880	na	na
1305	252	311	6384	na	na
1306	252	337	1434	na	na
1307	252	388	2520	na	na
1308	253	267	1670	na	na
1309	253	277	6910	na	na
1310	253	360	5251	na	na
1311	254	310	6187	na	na
1312	254	386	5805	na	na
1313	254	396	7707	na	na
1314	255	278	7271	na	na
1315	255	280	7373	na	na
1316	256	266	3603	na	na
1317	256	294	6175	na	na
1318	256	307	4740	na	na
1319	256	351	7803	na	na
1320	257	309	2655	na	na
1321	257	324	4770	na	na
1322	257	364	6467	na	na
1323	258	291	5992	na	na
1324	258	303	6785	na	na
1325	258	318	6938	na	na
1326	258	348	6966	na	na
1327	259	328	6579	na	na
1328	260	306	5299	na	na
1329	260	382	4613	na	na
1330	261	281	7816	na	na
1331	261	333	3414	na	na
1332	261	379	6629	na	na
1333	261	381	2833	na	na
1334	261	383	6548	na	na
1335	261	385	5657	na	na
1336	261	393	6246	na	na
1337	262	378	6677	na	na
1338	262	395	7268	na	na
1339	263	304	1126	na	na
1340	263	389	2277	na	na
1341	264	296	5826	na	na
1342	264	314	6978	na	na
1343	264	338	898	na	na
1344	265	365	3456	na	na
1345	266	294	6959	na	na
1346	266	307	3094	na	na
1347	267	277	5493	na	na
1348	267	319	7136	na	na
1349	267	360	5090	na	na
1350	268	270	1128	na	na
1351	268	336	1051	na	na
1352	269	284	7368	na	na
1353	270	336	109	na	na
1354	271	277	6349	na	na
1355	271	293	5373	na	na
1356	271	319	5570	na	na
1357	271	333	5767	na	na
1358	271	381	5766	na	na
1359	272	276	6750	na	na
1360	272	312	647	na	na
1361	272	350	4117	na	na
1362	273	368	2622	na	na
1363	275	311	3255	na	na
1364	275	369	6452	na	na
1365	276	312	7396	na	na
1366	276	350	2656	na	na
1367	277	293	3318	na	na
1368	277	297	6862	na	na
1369	277	319	2113	na	na
1370	277	360	5094	na	na
1371	278	280	3204	na	na
1372	278	345	3722	na	na
1373	279	282	5500	na	na
1374	279	387	5472	na	na
1375	280	345	862	na	na
1376	281	362	7936	na	na
1377	281	381	7595	na	na
1378	281	383	1566	na	na
1379	281	393	3925	na	na
1380	281	394	6695	na	na
1381	282	387	1311	na	na
1382	283	285	2705	na	na
1383	283	302	4555	na	na
1384	283	315	3386	na	na
1385	283	325	361	na	na
1386	285	302	4107	na	na
1387	285	315	3228	na	na
1388	285	325	2955	na	na
1389	285	342	7447	na	na
1390	286	371	5959	na	na
1391	287	355	2809	na	na
1392	287	396	3447	na	na
1393	288	299	5699	na	na
1394	288	373	4376	na	na
1395	288	377	2031	na	na
1396	289	347	7042	na	na
1397	289	354	7037	na	na
1398	289	370	5340	na	na
1399	289	372	3000	na	na
1400	291	318	4002	na	na
1401	291	348	975	na	na
1402	293	297	4310	na	na
1403	293	319	1207	na	na
1404	293	360	5501	na	na
1405	294	307	4447	na	na
1406	294	351	1837	na	na
1407	295	340	7595	na	na
1408	296	338	6686	na	na
1409	297	319	5103	na	na
1410	297	326	6963	na	na
1411	297	360	5193	na	na
1412	298	323	5172	na	na
1413	298	375	7799	na	na
1414	299	355	7538	na	na
1415	299	356	5045	na	na
1416	299	377	4165	na	na
1417	300	367	1755	na	na
1418	301	337	4568	na	na
1419	301	388	3593	na	na
1420	302	315	7091	na	na
1421	302	325	4433	na	na
1422	304	389	2406	na	na
1423	305	308	7007	na	na
1424	305	335	3251	na	na
1425	306	324	6301	na	na
1426	307	351	6217	na	na
1427	308	395	5696	na	na
1428	309	324	5277	na	na
1429	309	341	6965	na	na
1430	309	364	4248	na	na
1431	309	400	7062	na	na
1432	310	322	4428	na	na
1433	310	371	7997	na	na
1434	311	337	7668	na	na
1435	311	369	6595	na	na
1436	312	350	4759	na	na
1437	313	329	4605	na	na
1438	313	331	2551	na	na
1439	313	398	6218	na	na
1440	314	338	6223	na	na
1441	315	325	3738	na	na
1442	316	344	7105	na	na
1443	317	334	6438	na	na
1444	317	342	6403	na	na
1445	317	376	5000	na	na
1446	318	348	4140	na	na
1447	319	360	5064	na	na
1448	320	330	5546	na	na
1449	320	363	5017	na	na
1450	323	341	7398	na	na
1451	323	343	7167	na	na
1452	323	375	3821	na	na
1453	326	327	7701	na	na
1454	326	352	6071	na	na
1455	326	360	4862	na	na
1456	327	352	2281	na	na
1457	328	371	3618	na	na
1458	329	331	6128	na	na
1459	329	398	4962	na	na
1460	330	363	6281	na	na
1461	332	339	4777	na	na
1462	333	379	5437	na	na
1463	333	381	3247	na	na
1464	333	385	7068	na	na
1465	333	393	7946	na	na
1466	334	340	7917	na	na
1467	334	342	4602	na	na
1468	334	376	1438	na	na
1469	335	373	7079	na	na
1470	337	388	1689	na	na
1471	340	374	2707	na	na
1472	341	343	2514	na	na
1473	341	364	3925	na	na
1474	341	375	3594	na	na
1475	341	400	2873	na	na
1476	342	376	4248	na	na
1477	343	364	6439	na	na
1478	343	375	3650	na	na
1479	343	400	2936	na	na
1480	344	358	3287	na	na
1481	345	349	7735	na	na
1482	354	370	4974	na	na
1483	354	372	4275	na	na
1484	354	392	4853	na	na
1485	355	356	7491	na	na
1486	355	396	6255	na	na
1487	357	362	7984	na	na
1488	357	398	4026	na	na
1489	359	399	1958	na	na
1490	362	383	6616	na	na
1491	362	385	7570	na	na
1492	364	375	6177	na	na
1493	364	400	5702	na	na
1494	370	372	4765	na	na
1495	372	392	7390	na	na
1496	373	377	5206	na	na
1497	375	400	6014	na	na
1498	378	390	5421	na	na
1499	378	395	7701	na	na
1500	379	385	4738	na	na
1501	380	386	4070	na	na
1502	380	396	5094	na	na
1503	381	383	6783	na	na
1504	381	393	4701	na	na
1505	383	393	4092	na	na
1506	386	396	6757	na	na
1507	393	394	7864	na	na
ring
