#
node
#name	v	h	type	weight
         1	   0.00000	   0.00000	     5.00000
         2	   0.00000	   0.00000	     0.00000
         3	   0.00000	   0.00000	     1.00000
         4	   0.00000	   0.00000	     9.00000
         5	   0.00000	   0.00000	     0.00000
         6	   0.00000	   0.00000	     0.00000
         7	   0.00000	   0.00000	     6.00000
         8	   0.00000	   0.00000	     0.00000
         9	   0.00000	   0.00000	     0.00000
        10	   0.00000	   0.00000	     0.00000
        11	   0.00000	   0.00000	     0.00000
        12	   0.00000	   0.00000	     3.00000
        13	   0.00000	   0.00000	     0.00000
        14	   0.00000	   0.00000	     0.00000
        15	   0.00000	   0.00000	     0.00000
        16	   0.00000	   0.00000	     0.00000
        17	   0.00000	   0.00000	     0.00000
        18	   0.00000	   0.00000	     3.00000
        19	   0.00000	   0.00000	     0.00000
        20	   0.00000	   0.00000	     4.00000
        21	   0.00000	   0.00000	     0.00000
        22	   0.00000	   0.00000	     1.00000
        23	   0.00000	   0.00000	     0.00000
        24	   0.00000	   0.00000	     5.00000
        25	   0.00000	   0.00000	     0.00000
        26	   0.00000	   0.00000	     0.00000
        27	   0.00000	   0.00000	     6.00000
        28	   0.00000	   0.00000	     0.00000
        29	   0.00000	   0.00000	     8.00000
        30	   0.00000	   0.00000	     0.00000
        31	   0.00000	   0.00000	     4.00000
        32	   0.00000	   0.00000	     8.00000
        33	   0.00000	   0.00000	     0.00000
        34	   0.00000	   0.00000	     0.00000
        35	   0.00000	   0.00000	     0.00000
        36	   0.00000	   0.00000	     4.00000
        37	   0.00000	   0.00000	     0.00000
        38	   0.00000	   0.00000	     0.00000
        39	   0.00000	   0.00000	     0.00000
        40	   0.00000	   0.00000	     1.00000
        41	   0.00000	   0.00000	     6.00000
        42	   0.00000	   0.00000	     0.00000
        43	   0.00000	   0.00000	     0.00000
        44	   0.00000	   0.00000	     0.00000
        45	   0.00000	   0.00000	     0.00000
        46	   0.00000	   0.00000	     0.00000
        47	   0.00000	   0.00000	     0.00000
        48	   0.00000	   0.00000	     0.00000
        49	   0.00000	   0.00000	     9.00000
        50	   0.00000	   0.00000	     0.00000
        51	   0.00000	   0.00000	     0.00000
        52	   0.00000	   0.00000	     0.00000
        53	   0.00000	   0.00000	     0.00000
        54	   0.00000	   0.00000	     8.00000
        55	   0.00000	   0.00000	     0.00000
        56	   0.00000	   0.00000	     3.00000
        57	   0.00000	   0.00000	     0.00000
        58	   0.00000	   0.00000	     0.00000
        59	   0.00000	   0.00000	     8.00000
        60	   0.00000	   0.00000	     0.00000
        61	   0.00000	   0.00000	     0.00000
        62	   0.00000	   0.00000	     0.00000
        63	   0.00000	   0.00000	     0.00000
        64	   0.00000	   0.00000	     6.00000
        65	   0.00000	   0.00000	     0.00000
        66	   0.00000	   0.00000	     0.00000
        67	   0.00000	   0.00000	     0.00000
        68	   0.00000	   0.00000	     0.00000
        69	   0.00000	   0.00000	     8.00000
        70	   0.00000	   0.00000	     3.00000
        71	   0.00000	   0.00000	     6.00000
        72	   0.00000	   0.00000	     0.00000
        73	   0.00000	   0.00000	     0.00000
        74	   0.00000	   0.00000	     0.00000
        75	   0.00000	   0.00000	     0.00000
        76	   0.00000	   0.00000	     0.00000
        77	   0.00000	   0.00000	     0.00000
        78	   0.00000	   0.00000	     7.00000
        79	   0.00000	   0.00000	     0.00000
        80	   0.00000	   0.00000	     0.00000
        81	   0.00000	   0.00000	     0.00000
        82	   0.00000	   0.00000	     0.00000
        83	   0.00000	   0.00000	     0.00000
        84	   0.00000	   0.00000	     2.00000
        85	   0.00000	   0.00000	     0.00000
        86	   0.00000	   0.00000	     0.00000
        87	   0.00000	   0.00000	     0.00000
        88	   0.00000	   0.00000	     0.00000
        89	   0.00000	   0.00000	     0.00000
        90	   0.00000	   0.00000	     0.00000
        91	   0.00000	   0.00000	     0.00000
        92	   0.00000	   0.00000	     0.00000
        93	   0.00000	   0.00000	     0.00000
        94	   0.00000	   0.00000	     0.00000
        95	   0.00000	   0.00000	     0.00000
        96	   0.00000	   0.00000	     0.00000
        97	   0.00000	   0.00000	     0.00000
        98	   0.00000	   0.00000	     0.00000
        99	   0.00000	   0.00000	     0.00000
       100	   0.00000	   0.00000	     0.00000
       101	   0.00000	   0.00000	     0.00000
       102	   0.00000	   0.00000	     0.00000
       103	   0.00000	   0.00000	     4.00000
       104	   0.00000	   0.00000	     9.00000
       105	   0.00000	   0.00000	     6.00000
       106	   0.00000	   0.00000	     0.00000
       107	   0.00000	   0.00000	     9.00000
       108	   0.00000	   0.00000	     0.00000
       109	   0.00000	   0.00000	     0.00000
       110	   0.00000	   0.00000	     0.00000
       111	   0.00000	   0.00000	     8.00000
       112	   0.00000	   0.00000	     0.00000
       113	   0.00000	   0.00000	     0.00000
       114	   0.00000	   0.00000	     0.00000
       115	   0.00000	   0.00000	     0.00000
       116	   0.00000	   0.00000	     0.00000
       117	   0.00000	   0.00000	     0.00000
       118	   0.00000	   0.00000	     3.00000
       119	   0.00000	   0.00000	     0.00000
       120	   0.00000	   0.00000	     0.00000
       121	   0.00000	   0.00000	     0.00000
       122	   0.00000	   0.00000	     0.00000
       123	   0.00000	   0.00000	     0.00000
       124	   0.00000	   0.00000	     3.00000
       125	   0.00000	   0.00000	     4.00000
       126	   0.00000	   0.00000	     0.00000
       127	   0.00000	   0.00000	     0.00000
       128	   0.00000	   0.00000	     0.00000
       129	   0.00000	   0.00000	     3.00000
       130	   0.00000	   0.00000	     0.00000
       131	   0.00000	   0.00000	     0.00000
       132	   0.00000	   0.00000	     0.00000
       133	   0.00000	   0.00000	     0.00000
       134	   0.00000	   0.00000	     0.00000
       135	   0.00000	   0.00000	     0.00000
       136	   0.00000	   0.00000	     7.00000
       137	   0.00000	   0.00000	     0.00000
       138	   0.00000	   0.00000	     0.00000
       139	   0.00000	   0.00000	     0.00000
       140	   0.00000	   0.00000	     0.00000
       141	   0.00000	   0.00000	     1.00000
       142	   0.00000	   0.00000	     0.00000
       143	   0.00000	   0.00000	     5.00000
       144	   0.00000	   0.00000	     1.00000
       145	   0.00000	   0.00000	     4.00000
       146	   0.00000	   0.00000	     0.00000
       147	   0.00000	   0.00000	     0.00000
       148	   0.00000	   0.00000	     0.00000
       149	   0.00000	   0.00000	     0.00000
       150	   0.00000	   0.00000	     0.00000
       151	   0.00000	   0.00000	     0.00000
       152	   0.00000	   0.00000	     0.00000
       153	   0.00000	   0.00000	     1.00000
       154	   0.00000	   0.00000	     5.00000
       155	   0.00000	   0.00000	     0.00000
       156	   0.00000	   0.00000	     0.00000
       157	   0.00000	   0.00000	     0.00000
       158	   0.00000	   0.00000	     0.00000
       159	   0.00000	   0.00000	     0.00000
       160	   0.00000	   0.00000	     2.00000
       161	   0.00000	   0.00000	     6.00000
       162	   0.00000	   0.00000	     8.00000
       163	   0.00000	   0.00000	     0.00000
       164	   0.00000	   0.00000	     0.00000
       165	   0.00000	   0.00000	     0.00000
       166	   0.00000	   0.00000	     0.00000
       167	   0.00000	   0.00000	     0.00000
       168	   0.00000	   0.00000	     0.00000
       169	   0.00000	   0.00000	     0.00000
       170	   0.00000	   0.00000	     0.00000
       171	   0.00000	   0.00000	     0.00000
       172	   0.00000	   0.00000	     0.00000
       173	   0.00000	   0.00000	     0.00000
       174	   0.00000	   0.00000	     0.00000
       175	   0.00000	   0.00000	     0.00000
       176	   0.00000	   0.00000	     0.00000
       177	   0.00000	   0.00000	     0.00000
       178	   0.00000	   0.00000	     0.00000
       179	   0.00000	   0.00000	     0.00000
       180	   0.00000	   0.00000	     0.00000
       181	   0.00000	   0.00000	     0.00000
       182	   0.00000	   0.00000	     7.00000
       183	   0.00000	   0.00000	     8.00000
       184	   0.00000	   0.00000	     5.00000
       185	   0.00000	   0.00000	     0.00000
       186	   0.00000	   0.00000	     0.00000
       187	   0.00000	   0.00000	     0.00000
       188	   0.00000	   0.00000	     0.00000
       189	   0.00000	   0.00000	     0.00000
       190	   0.00000	   0.00000	     0.00000
       191	   0.00000	   0.00000	     0.00000
       192	   0.00000	   0.00000	     0.00000
       193	   0.00000	   0.00000	     0.00000
       194	   0.00000	   0.00000	     0.00000
       195	   0.00000	   0.00000	     0.00000
       196	   0.00000	   0.00000	     0.00000
       197	   0.00000	   0.00000	     4.00000
       198	   0.00000	   0.00000	     9.00000
       199	   0.00000	   0.00000	     6.00000
       200	   0.00000	   0.00000	     0.00000
       201	   0.00000	   0.00000	     0.00000
       202	   0.00000	   0.00000	     9.00000
       203	   0.00000	   0.00000	     0.00000
       204	   0.00000	   0.00000	     0.00000
       205	   0.00000	   0.00000	     0.00000
       206	   0.00000	   0.00000	     0.00000
       207	   0.00000	   0.00000	     6.00000
       208	   0.00000	   0.00000	     0.00000
       209	   0.00000	   0.00000	     0.00000
       210	   0.00000	   0.00000	     0.00000
       211	   0.00000	   0.00000	     0.00000
       212	   0.00000	   0.00000	     7.00000
       213	   0.00000	   0.00000	     0.00000
       214	   0.00000	   0.00000	     0.00000
       215	   0.00000	   0.00000	     0.00000
       216	   0.00000	   0.00000	     0.00000
       217	   0.00000	   0.00000	     9.00000
       218	   0.00000	   0.00000	     0.00000
       219	   0.00000	   0.00000	     0.00000
       220	   0.00000	   0.00000	     0.00000
       221	   0.00000	   0.00000	     0.00000
       222	   0.00000	   0.00000	     0.00000
       223	   0.00000	   0.00000	     0.00000
       224	   0.00000	   0.00000	     0.00000
       225	   0.00000	   0.00000	     2.00000
       226	   0.00000	   0.00000	     6.00000
       227	   0.00000	   0.00000	     0.00000
       228	   0.00000	   0.00000	     0.00000
       229	   0.00000	   0.00000	     0.00000
       230	   0.00000	   0.00000	     7.00000
       231	   0.00000	   0.00000	     0.00000
       232	   0.00000	   0.00000	     0.00000
       233	   0.00000	   0.00000	     9.00000
       234	   0.00000	   0.00000	     0.00000
       235	   0.00000	   0.00000	     9.00000
       236	   0.00000	   0.00000	     8.00000
       237	   0.00000	   0.00000	     0.00000
       238	   0.00000	   0.00000	     0.00000
       239	   0.00000	   0.00000	     0.00000
       240	   0.00000	   0.00000	     0.00000
       241	   0.00000	   0.00000	     0.00000
       242	   0.00000	   0.00000	     9.00000
       243	   0.00000	   0.00000	     0.00000
       244	   0.00000	   0.00000	     0.00000
       245	   0.00000	   0.00000	     0.00000
       246	   0.00000	   0.00000	     3.00000
       247	   0.00000	   0.00000	     0.00000
       248	   0.00000	   0.00000	     4.00000
       249	   0.00000	   0.00000	     7.00000
       250	   0.00000	   0.00000	     0.00000
       251	   0.00000	   0.00000	     0.00000
       252	   0.00000	   0.00000	     0.00000
       253	   0.00000	   0.00000	     0.00000
       254	   0.00000	   0.00000	     0.00000
       255	   0.00000	   0.00000	     0.00000
       256	   0.00000	   0.00000	     0.00000
       257	   0.00000	   0.00000	     2.00000
       258	   0.00000	   0.00000	     0.00000
       259	   0.00000	   0.00000	     0.00000
       260	   0.00000	   0.00000	     0.00000
       261	   0.00000	   0.00000	     0.00000
       262	   0.00000	   0.00000	     0.00000
       263	   0.00000	   0.00000	     5.00000
       264	   0.00000	   0.00000	     0.00000
       265	   0.00000	   0.00000	     0.00000
       266	   0.00000	   0.00000	     0.00000
       267	   0.00000	   0.00000	     0.00000
       268	   0.00000	   0.00000	     4.00000
       269	   0.00000	   0.00000	     0.00000
       270	   0.00000	   0.00000	     7.00000
       271	   0.00000	   0.00000	     0.00000
       272	   0.00000	   0.00000	     7.00000
       273	   0.00000	   0.00000	     0.00000
       274	   0.00000	   0.00000	     0.00000
       275	   0.00000	   0.00000	     0.00000
       276	   0.00000	   0.00000	     0.00000
       277	   0.00000	   0.00000	     0.00000
       278	   0.00000	   0.00000	     0.00000
       279	   0.00000	   0.00000	     0.00000
       280	   0.00000	   0.00000	     0.00000
       281	   0.00000	   0.00000	     0.00000
       282	   0.00000	   0.00000	     7.00000
       283	   0.00000	   0.00000	     0.00000
       284	   0.00000	   0.00000	     0.00000
       285	   0.00000	   0.00000	     6.00000
       286	   0.00000	   0.00000	     5.00000
       287	   0.00000	   0.00000	     0.00000
       288	   0.00000	   0.00000	     0.00000
       289	   0.00000	   0.00000	     1.00000
       290	   0.00000	   0.00000	     5.00000
       291	   0.00000	   0.00000	     0.00000
       292	   0.00000	   0.00000	     0.00000
       293	   0.00000	   0.00000	     0.00000
       294	   0.00000	   0.00000	     0.00000
       295	   0.00000	   0.00000	     0.00000
       296	   0.00000	   0.00000	     0.00000
       297	   0.00000	   0.00000	     0.00000
       298	   0.00000	   0.00000	     9.00000
       299	   0.00000	   0.00000	     0.00000
       300	   0.00000	   0.00000	     8.00000
       301	   0.00000	   0.00000	     4.00000
       302	   0.00000	   0.00000	     0.00000
       303	   0.00000	   0.00000	     0.00000
       304	   0.00000	   0.00000	     0.00000
       305	   0.00000	   0.00000	     6.00000
       306	   0.00000	   0.00000	     0.00000
       307	   0.00000	   0.00000	     0.00000
       308	   0.00000	   0.00000	     0.00000
       309	   0.00000	   0.00000	     0.00000
       310	   0.00000	   0.00000	     3.00000
       311	   0.00000	   0.00000	     0.00000
       312	   0.00000	   0.00000	     0.00000
       313	   0.00000	   0.00000	     0.00000
       314	   0.00000	   0.00000	     0.00000
       315	   0.00000	   0.00000	     0.00000
       316	   0.00000	   0.00000	     8.00000
       317	   0.00000	   0.00000	     0.00000
       318	   0.00000	   0.00000	     0.00000
       319	   0.00000	   0.00000	     7.00000
       320	   0.00000	   0.00000	     0.00000
       321	   0.00000	   0.00000	     2.00000
       322	   0.00000	   0.00000	     0.00000
       323	   0.00000	   0.00000	     0.00000
       324	   0.00000	   0.00000	     0.00000
       325	   0.00000	   0.00000	     0.00000
       326	   0.00000	   0.00000	     0.00000
       327	   0.00000	   0.00000	     0.00000
       328	   0.00000	   0.00000	     2.00000
       329	   0.00000	   0.00000	     0.00000
       330	   0.00000	   0.00000	     0.00000
       331	   0.00000	   0.00000	     0.00000
       332	   0.00000	   0.00000	     0.00000
       333	   0.00000	   0.00000	     0.00000
       334	   0.00000	   0.00000	     6.00000
       335	   0.00000	   0.00000	     0.00000
       336	   0.00000	   0.00000	     0.00000
       337	   0.00000	   0.00000	     0.00000
       338	   0.00000	   0.00000	     0.00000
       339	   0.00000	   0.00000	     0.00000
       340	   0.00000	   0.00000	     3.00000
       341	   0.00000	   0.00000	     0.00000
       342	   0.00000	   0.00000	     0.00000
       343	   0.00000	   0.00000	     0.00000
       344	   0.00000	   0.00000	     0.00000
       345	   0.00000	   0.00000	     0.00000
       346	   0.00000	   0.00000	     6.00000
       347	   0.00000	   0.00000	     4.00000
       348	   0.00000	   0.00000	     0.00000
       349	   0.00000	   0.00000	     0.00000
       350	   0.00000	   0.00000	     0.00000
       351	   0.00000	   0.00000	     0.00000
       352	   0.00000	   0.00000	     0.00000
       353	   0.00000	   0.00000	     3.00000
       354	   0.00000	   0.00000	     0.00000
       355	   0.00000	   0.00000	     0.00000
       356	   0.00000	   0.00000	     0.00000
       357	   0.00000	   0.00000	     0.00000
       358	   0.00000	   0.00000	     0.00000
       359	   0.00000	   0.00000	     7.00000
       360	   0.00000	   0.00000	     0.00000
       361	   0.00000	   0.00000	     0.00000
       362	   0.00000	   0.00000	     0.00000
       363	   0.00000	   0.00000	     0.00000
       364	   0.00000	   0.00000	     0.00000
       365	   0.00000	   0.00000	     0.00000
       366	   0.00000	   0.00000	     0.00000
       367	   0.00000	   0.00000	     0.00000
       368	   0.00000	   0.00000	     6.00000
       369	   0.00000	   0.00000	     0.00000
       370	   0.00000	   0.00000	     0.00000
       371	   0.00000	   0.00000	     0.00000
       372	   0.00000	   0.00000	     1.00000
       373	   0.00000	   0.00000	     7.00000
       374	   0.00000	   0.00000	     1.00000
       375	   0.00000	   0.00000	     0.00000
       376	   0.00000	   0.00000	     0.00000
       377	   0.00000	   0.00000	     0.00000
       378	   0.00000	   0.00000	     0.00000
       379	   0.00000	   0.00000	     7.00000
       380	   0.00000	   0.00000	     0.00000
       381	   0.00000	   0.00000	     0.00000
       382	   0.00000	   0.00000	     0.00000
       383	   0.00000	   0.00000	     0.00000
       384	   0.00000	   0.00000	     4.00000
       385	   0.00000	   0.00000	     0.00000
       386	   0.00000	   0.00000	     9.00000
       387	   0.00000	   0.00000	     0.00000
       388	   0.00000	   0.00000	     0.00000
       389	   0.00000	   0.00000	     0.00000
       390	   0.00000	   0.00000	     0.00000
       391	   0.00000	   0.00000	     0.00000
       392	   0.00000	   0.00000	     0.00000
       393	   0.00000	   0.00000	     0.00000
       394	   0.00000	   0.00000	     0.00000
       395	   0.00000	   0.00000	     0.00000
       396	   0.00000	   0.00000	     0.00000
       397	   0.00000	   0.00000	     8.00000
       398	   0.00000	   0.00000	     0.00000
       399	   0.00000	   0.00000	     0.00000
       400	   0.00000	   0.00000	     0.00000
       401	   0.00000	   0.00000	     0.00000
       402	   0.00000	   0.00000	     5.00000
       403	   0.00000	   0.00000	     7.00000
       404	   0.00000	   0.00000	     0.00000
       405	   0.00000	   0.00000	     0.00000
       406	   0.00000	   0.00000	     0.00000
       407	   0.00000	   0.00000	     0.00000
       408	   0.00000	   0.00000	     0.00000
       409	   0.00000	   0.00000	     2.00000
       410	   0.00000	   0.00000	     1.00000
       411	   0.00000	   0.00000	     0.00000
       412	   0.00000	   0.00000	     0.00000
       413	   0.00000	   0.00000	     3.00000
       414	   0.00000	   0.00000	     0.00000
       415	   0.00000	   0.00000	     0.00000
       416	   0.00000	   0.00000	     7.00000
       417	   0.00000	   0.00000	     0.00000
       418	   0.00000	   0.00000	     0.00000
       419	   0.00000	   0.00000	     0.00000
       420	   0.00000	   0.00000	     1.00000
       421	   0.00000	   0.00000	     0.00000
       422	   0.00000	   0.00000	     2.00000
       423	   0.00000	   0.00000	     0.00000
       424	   0.00000	   0.00000	     0.00000
       425	   0.00000	   0.00000	     0.00000
       426	   0.00000	   0.00000	     3.00000
       427	   0.00000	   0.00000	     0.00000
       428	   0.00000	   0.00000	     6.00000
       429	   0.00000	   0.00000	     0.00000
       430	   0.00000	   0.00000	     0.00000
       431	   0.00000	   0.00000	     7.00000
       432	   0.00000	   0.00000	     0.00000
       433	   0.00000	   0.00000	     0.00000
       434	   0.00000	   0.00000	     0.00000
       435	   0.00000	   0.00000	     0.00000
       436	   0.00000	   0.00000	     0.00000
       437	   0.00000	   0.00000	     0.00000
       438	   0.00000	   0.00000	     7.00000
       439	   0.00000	   0.00000	     0.00000
       440	   0.00000	   0.00000	     0.00000
       441	   0.00000	   0.00000	     7.00000
       442	   0.00000	   0.00000	     0.00000
       443	   0.00000	   0.00000	     1.00000
       444	   0.00000	   0.00000	     0.00000
       445	   0.00000	   0.00000	     0.00000
       446	   0.00000	   0.00000	     1.00000
       447	   0.00000	   0.00000	     0.00000
       448	   0.00000	   0.00000	     0.00000
       449	   0.00000	   0.00000	     0.00000
       450	   0.00000	   0.00000	     7.00000
       451	   0.00000	   0.00000	     0.00000
       452	   0.00000	   0.00000	     1.00000
       453	   0.00000	   0.00000	     6.00000
       454	   0.00000	   0.00000	     0.00000
       455	   0.00000	   0.00000	     0.00000
       456	   0.00000	   0.00000	     0.00000
       457	   0.00000	   0.00000	     1.00000
       458	   0.00000	   0.00000	     0.00000
       459	   0.00000	   0.00000	     0.00000
       460	   0.00000	   0.00000	     9.00000
       461	   0.00000	   0.00000	     0.00000
       462	   0.00000	   0.00000	     0.00000
       463	   0.00000	   0.00000	     0.00000
       464	   0.00000	   0.00000	     5.00000
       465	   0.00000	   0.00000	     0.00000
       466	   0.00000	   0.00000	     0.00000
       467	   0.00000	   0.00000	     0.00000
       468	   0.00000	   0.00000	     0.00000
       469	   0.00000	   0.00000	     8.00000
       470	   0.00000	   0.00000	     0.00000
       471	   0.00000	   0.00000	     0.00000
       472	   0.00000	   0.00000	     0.00000
       473	   0.00000	   0.00000	     0.00000
       474	   0.00000	   0.00000	     0.00000
       475	   0.00000	   0.00000	     0.00000
       476	   0.00000	   0.00000	     0.00000
       477	   0.00000	   0.00000	     3.00000
       478	   0.00000	   0.00000	     0.00000
       479	   0.00000	   0.00000	     0.00000
       480	   0.00000	   0.00000	     0.00000
       481	   0.00000	   0.00000	     0.00000
       482	   0.00000	   0.00000	     0.00000
       483	   0.00000	   0.00000	     0.00000
       484	   0.00000	   0.00000	     0.00000
       485	   0.00000	   0.00000	     0.00000
       486	   0.00000	   0.00000	     0.00000
       487	   0.00000	   0.00000	     7.00000
       488	   0.00000	   0.00000	     0.00000
       489	   0.00000	   0.00000	     0.00000
       490	   0.00000	   0.00000	     0.00000
       491	   0.00000	   0.00000	     0.00000
       492	   0.00000	   0.00000	     0.00000
       493	   0.00000	   0.00000	     3.00000
       494	   0.00000	   0.00000	     0.00000
       495	   0.00000	   0.00000	     3.00000
       496	   0.00000	   0.00000	     0.00000
       497	   0.00000	   0.00000	     0.00000
       498	   0.00000	   0.00000	     0.00000
       499	   0.00000	   0.00000	     8.00000
       500	   0.00000	   0.00000	     0.00000
link
#name	n1	n2	weight	source	type
         1	       112	         3	  10.00000
         2	       102	         3	   9.00000
         3	       102	       264	   5.00000
         4	       112	        89	   7.00000
         5	       112	       160	   7.00000
         6	       210	       160	   5.00000
         7	         3	        73	   5.00000
         8	       377	       160	   6.00000
         9	        73	       118	   7.00000
        10	       102	       158	   2.00000
        11	        73	       344	   5.00000
        12	       120	       377	   3.00000
        13	       118	       274	   8.00000
        14	       345	       112	   7.00000
        15	       344	       406	   7.00000
        16	       210	        66	  10.00000
        17	       158	       205	   4.00000
        18	       148	       274	   2.00000
        19	       408	       112	   4.00000
        20	        12	       274	   8.00000
        21	       274	       307	   7.00000
        22	        66	       358	   6.00000
        23	       258	       377	   8.00000
        24	       345	       125	   7.00000
        25	        64	        89	   3.00000
        26	       365	        66	   7.00000
        27	       210	        45	   6.00000
        28	        38	       358	   1.00000
        29	        87	       345	   1.00000
        30	       337	        66	   7.00000
        31	       258	       437	   2.00000
        32	        34	       258	   2.00000
        33	        45	       246	   7.00000
        34	       191	        87	  10.00000
        35	       499	       102	   6.00000
        36	       191	       241	   1.00000
        37	        38	       212	   1.00000
        38	       206	       437	   4.00000
        39	       443	       408	   2.00000
        40	       372	       120	   2.00000
        41	       246	       348	   4.00000
        42	       408	       492	   5.00000
        43	       336	       258	  10.00000
        44	       337	       230	   4.00000
        45	       102	       240	   1.00000
        46	       102	       122	   4.00000
        47	        87	       479	   4.00000
        48	       424	        89	   4.00000
        49	       278	        34	   4.00000
        50	        91	       112	   1.00000
        51	       427	       479	   7.00000
        52	       327	       336	   2.00000
        53	       102	        92	   9.00000
        54	       131	       112	   8.00000
        55	       306	        34	   8.00000
        56	       322	       112	   8.00000
        57	        73	       463	   5.00000
        58	       419	       492	   7.00000
        59	        78	       118	   6.00000
        60	       125	       100	   3.00000
        61	       408	       373	   2.00000
        62	       108	       327	   7.00000
        63	       212	       265	  10.00000
        64	        12	       495	   5.00000
        65	        68	       492	   1.00000
        66	       322	       273	   5.00000
        67	       319	         3	   8.00000
        68	        64	       429	   9.00000
        69	       463	        79	   4.00000
        70	       265	        53	   4.00000
        71	       296	       264	   3.00000
        72	       178	       264	   1.00000
        73	       131	       455	  10.00000
        74	        75	        66	   6.00000
        75	       118	        31	   8.00000
        76	       175	        75	   9.00000
        77	       135	       175	   7.00000
        78	        13	       322	   8.00000
        79	       194	       327	   7.00000
        80	       138	       429	   7.00000
        81	       482	        53	   9.00000
        82	       212	       133	   5.00000
        83	       373	       448	   2.00000
        84	        87	       323	   3.00000
        85	       457	       273	   5.00000
        86	       108	        76	   4.00000
        87	       274	       379	   8.00000
        88	       409	       372	   7.00000
        89	       372	       415	   9.00000
        90	       340	       210	   2.00000
        91	       373	        24	   2.00000
        92	       500	       230	   7.00000
        93	       100	       202	   9.00000
        94	       275	       175	  10.00000
        95	       481	       373	   9.00000
        96	        86	        78	   9.00000
        97	       370	        45	   3.00000
        98	       327	       432	   9.00000
        99	       291	       202	   6.00000
       100	       120	       123	   8.00000
       101	       456	       191	   7.00000
       102	       345	        81	   1.00000
       103	       482	        65	   1.00000
       104	       241	       320	   1.00000
       105	       486	       102	   9.00000
       106	       429	       220	   8.00000
       107	       457	        63	  10.00000
       108	       384	       246	   3.00000
       109	       481	       238	   7.00000
       110	       282	        34	   4.00000
       111	       118	       253	   9.00000
       112	       411	        86	   8.00000
       113	       246	       402	   7.00000
       114	        87	       413	   8.00000
       115	       482	       247	   8.00000
       116	       419	       459	   7.00000
       117	       319	        28	   3.00000
       118	       410	       123	   2.00000
       119	       232	       492	   8.00000
       120	       136	       320	   5.00000
       121	        98	       358	   5.00000
       122	       340	       435	   6.00000
       123	        75	       166	   5.00000
       124	       243	        45	   5.00000
       125	        69	       455	   7.00000
       126	        98	       414	   5.00000
       127	         7	        75	   9.00000
       128	       328	       232	   5.00000
       129	       142	       327	   2.00000
       130	       125	       159	   5.00000
       131	       418	       481	   1.00000
       132	       120	       252	   4.00000
       133	        31	        41	  10.00000
       134	       139	       275	   3.00000
       135	       370	       466	   8.00000
       136	       480	       427	  10.00000
       137	        83	       273	   6.00000
       138	       477	       365	   9.00000
       139	       499	       110	   3.00000
       140	       194	         4	   1.00000
       141	       413	       204	   4.00000
       142	        76	       420	   7.00000
       143	       336	       290	   1.00000
       144	       299	       120	   4.00000
       145	       497	       142	   2.00000
       146	       322	       339	   5.00000
       147	        34	       242	   2.00000
       148	       146	       410	   8.00000
       149	       109	       274	   4.00000
       150	        37	       344	   9.00000
       151	       187	        41	   8.00000
       152	       135	       351	   8.00000
       153	        20	       230	   4.00000
       154	       478	       323	   2.00000
       155	       418	       487	   8.00000
       156	       459	       182	   9.00000
       157	       426	       175	   4.00000
       158	       463	       312	   3.00000
       159	       194	       342	   2.00000
       160	       385	       278	   6.00000
       161	       182	        72	   9.00000
       162	       245	       220	   3.00000
       163	       134	         4	   4.00000
       164	        62	       385	   7.00000
       165	       143	       159	   4.00000
       166	       222	        79	   5.00000
       167	       273	       324	   8.00000
       168	        63	       129	  10.00000
       169	       163	       420	   2.00000
       170	       424	        14	   4.00000
       171	       219	       463	   7.00000
       172	        85	       210	  10.00000
       173	       299	       193	   8.00000
       174	       181	       282	  10.00000
       175	       339	       217	   7.00000
       176	       355	       166	   1.00000
       177	       267	       418	   5.00000
       178	       158	       161	   1.00000
       179	       392	       252	   3.00000
       180	       396	       424	   3.00000
       181	       480	       203	   9.00000
       182	       385	       200	   7.00000
       183	       146	       114	   4.00000
       184	        28	       209	   8.00000
       185	        37	       446	   4.00000
       186	         4	       488	   4.00000
       187	       210	       132	   9.00000
       188	         7	       361	   8.00000
       189	       319	        51	   6.00000
       190	       452	       217	   7.00000
       191	       331	       112	   2.00000
       192	       435	       226	  10.00000
       193	       160	       269	   6.00000
       194	       343	       324	   5.00000
       195	       371	        79	   2.00000
       196	        11	       355	   3.00000
       197	       145	        64	   6.00000
       198	       481	       461	   1.00000
       199	       490	        68	   7.00000
       200	       428	       206	   2.00000
       201	        25	       497	   8.00000
       202	       302	       114	   6.00000
       203	        45	       231	   3.00000
       204	        35	       182	   1.00000
       205	       441	       342	   6.00000
       206	       306	       208	   8.00000
       207	        96	       492	  10.00000
       208	        23	       161	   9.00000
       209	       146	       298	   4.00000
       210	       157	       490	  10.00000
       211	       122	       104	   6.00000
       212	       349	       361	   9.00000
       213	       189	       410	  10.00000
       214	       112	        42	   7.00000
       215	       412	       290	   1.00000
       216	       270	        98	   5.00000
       217	        20	       422	   1.00000
       218	       336	       389	   6.00000
       219	       270	       186	   8.00000
       220	       385	        88	   8.00000
       221	       302	       177	   3.00000
       222	       287	       231	   2.00000
       223	       171	       241	   5.00000
       224	       193	       394	   7.00000
       225	       123	       257	  10.00000
       226	       463	       374	   8.00000
       227	       193	       165	   1.00000
       228	       389	        99	   1.00000
       229	       311	       389	   3.00000
       230	        67	       441	   7.00000
       231	       382	       204	   1.00000
       232	       439	       323	   5.00000
       233	       159	       316	   9.00000
       234	        29	       418	   8.00000
       235	        17	       157	   3.00000
       236	       424	       154	   4.00000
       237	       337	       121	   5.00000
       238	       287	       444	   2.00000
       239	       474	       408	   8.00000
       240	       445	       210	   8.00000
       241	        86	       283	   1.00000
       242	       215	       163	   8.00000
       243	       207	        25	   9.00000
       244	       388	        17	   7.00000
       245	        62	       289	   3.00000
       246	       446	        90	  10.00000
       247	       130	        20	   2.00000
       248	        82	       267	   3.00000
       249	       372	       317	   3.00000
       250	       362	       123	   8.00000
       251	       449	       414	   5.00000
       252	       135	        33	   9.00000
       253	       462	       355	   5.00000
       254	       271	       406	   6.00000
       255	       163	       325	   9.00000
       256	       132	       369	   7.00000
       257	       375	       435	   1.00000
       258	        42	       398	   2.00000
       259	       412	       447	   9.00000
       260	       301	       307	   4.00000
       261	       358	       436	   8.00000
       262	       251	       317	   3.00000
       263	       423	       200	   8.00000
       264	       385	       167	   7.00000
       265	       405	        73	   7.00000
       266	        81	       483	   5.00000
       267	       323	       330	   4.00000
       268	       318	       291	   8.00000
       269	        48	       466	   7.00000
       270	       424	       169	   3.00000
       271	       426	       255	   8.00000
       272	       252	       140	  10.00000
       273	        39	       355	   5.00000
       274	       400	       219	   4.00000
       275	        18	       455	   4.00000
       276	       204	       383	   2.00000
       277	       181	       440	   7.00000
       278	       492	       363	   3.00000
       279	       259	        25	  10.00000
       280	       450	       448	   1.00000
       281	       489	       408	   4.00000
       282	       449	       476	   3.00000
       283	       439	       338	   2.00000
       284	        24	       393	  10.00000
       285	       354	       340	   1.00000
       286	       326	       369	   7.00000
       287	       237	       400	   4.00000
       288	       429	         1	   3.00000
       289	       275	       244	   2.00000
       290	       146	       333	   6.00000
       291	       366	       298	   8.00000
       292	       282	       417	   9.00000
       293	       179	       110	   8.00000
       294	       301	       485	   5.00000
       295	       187	        22	   4.00000
       296	       350	       495	   6.00000
       297	       478	        58	   4.00000
       298	         2	       129	  10.00000
       299	        60	       100	   4.00000
       300	       390	       440	   9.00000
       301	       348	       294	   2.00000
       302	       478	       144	   3.00000
       303	       256	         4	   9.00000
       304	        29	       236	   4.00000
       305	       400	        49	  10.00000
       306	       455	        36	   8.00000
       307	        22	       292	   6.00000
       308	       159	       254	   7.00000
       309	       181	        47	   5.00000
       310	       279	       383	   8.00000
       311	       425	       282	   2.00000
       312	        66	        95	   2.00000
       313	       300	       405	   7.00000
       314	       363	       201	   6.00000
       315	       437	       223	   4.00000
       316	       157	       147	   1.00000
       317	       219	        71	   7.00000
       318	        16	        66	   6.00000
       319	       483	       218	   9.00000
       320	       225	       205	  10.00000
       321	       257	       304	   3.00000
       322	       182	       198	  10.00000
       323	         7	       454	   9.00000
       324	       397	       437	   1.00000
       325	        32	       287	   9.00000
       326	       281	       104	   7.00000
       327	       431	       389	   3.00000
       328	       123	        56	   1.00000
       329	       238	       391	   4.00000
       330	        81	       263	   1.00000
       331	        80	        85	   4.00000
       332	       441	       380	   6.00000
       333	       395	       466	   3.00000
       334	       264	       498	  10.00000
       335	        19	       144	   6.00000
       336	       472	       330	  10.00000
       337	       496	       455	   4.00000
       338	       159	       176	   7.00000
       339	        40	       338	   9.00000
       340	       189	       155	   8.00000
       341	       432	       277	   8.00000
       342	        51	       360	   7.00000
       343	         5	       125	   6.00000
       344	       126	       372	   7.00000
       345	       193	       128	   8.00000
       346	       103	       411	   5.00000
       347	       363	        21	   9.00000
       348	       216	       369	   3.00000
       349	       432	        93	   1.00000
       350	       430	       240	   1.00000
       351	       297	       148	  10.00000
       352	       102	       268	   4.00000
       353	       403	       413	   5.00000
       354	       181	       335	   1.00000
       355	       151	       337	   5.00000
       356	       377	       434	   5.00000
       357	        40	        54	   8.00000
       358	       243	       401	   4.00000
       359	       314	       384	   5.00000
       360	       278	       239	  10.00000
       361	       130	       227	  10.00000
       362	       180	        45	   2.00000
       363	       373	       285	   8.00000
       364	       189	       174	   7.00000
       365	        94	        63	   8.00000
       366	        70	       482	   1.00000
       367	        25	       353	   5.00000
       368	       457	       262	  10.00000
       369	       266	       181	   2.00000
       370	        59	       452	   4.00000
       371	       307	       367	   6.00000
       372	       303	       257	   1.00000
       373	       471	        18	   8.00000
       374	       445	       162	   2.00000
       375	       173	       147	   2.00000
       376	       239	       352	   1.00000
       377	       275	       438	   9.00000
       378	       314	       313	   7.00000
       379	       467	       264	   8.00000
       380	       378	       336	   4.00000
       381	       243	       105	   9.00000
       382	       293	        16	   3.00000
       383	       201	       442	  10.00000
       384	       192	       201	   5.00000
       385	       425	       106	  10.00000
       386	       272	       220	   8.00000
       387	        61	        85	   9.00000
       388	       144	       460	   5.00000
       389	        42	       464	   1.00000
       390	        89	       332	   3.00000
       391	        97	       297	   4.00000
       392	       234	       252	   8.00000
       393	       368	       180	   7.00000
       394	       143	       261	   5.00000
       395	        39	       386	   1.00000
       396	       197	       411	   5.00000
       397	       414	       451	   6.00000
       398	       288	        11	   1.00000
       399	        44	       208	   4.00000
       400	       172	       236	   4.00000
       401	       356	        62	   9.00000
       402	       194	       453	  10.00000
       403	       142	        52	   8.00000
       404	        67	       152	   2.00000
       405	        84	       442	   7.00000
       406	       479	       137	   7.00000
       407	       150	       133	  10.00000
       408	       329	       435	   7.00000
       409	       229	       333	   5.00000
       410	       404	       419	   2.00000
       411	       369	       484	   9.00000
       412	       110	       295	   1.00000
       413	       239	        30	   4.00000
       414	       431	       188	   3.00000
       415	       470	       397	   1.00000
       416	       164	       404	  10.00000
       417	       346	        73	   9.00000
       418	       305	       206	   6.00000
       419	       124	       349	   1.00000
       420	       359	       482	   8.00000
       421	       468	       216	   1.00000
       422	        95	        46	   2.00000
       423	       335	       156	   2.00000
       424	       494	       371	   6.00000
       425	       421	       209	   8.00000
       426	       435	       233	   4.00000
       427	        26	       241	   9.00000
       428	       235	        14	   1.00000
       429	       458	        71	   4.00000
       430	       126	       309	   8.00000
       431	       261	       228	   1.00000
       432	       308	       181	   4.00000
       433	       407	       194	   9.00000
       434	       274	       376	   5.00000
       435	       207	       116	   4.00000
       436	       420	        15	   9.00000
       437	       354	       260	   5.00000
       438	         9	       252	   2.00000
       439	        22	         6	   4.00000
       440	       310	       135	   7.00000
       441	       283	       465	   3.00000
       442	        74	        42	   2.00000
       443	       185	       325	   6.00000
       444	       214	       500	   5.00000
       445	       276	       415	   9.00000
       446	        89	       433	   7.00000
       447	       141	       425	   4.00000
       448	       133	       250	   6.00000
       449	         3	       190	   6.00000
       450	       398	       117	   9.00000
       451	        34	       168	   3.00000
       452	       447	       115	   7.00000
       453	       153	       202	   1.00000
       454	       416	         5	   4.00000
       455	        50	       409	   6.00000
       456	       274	       119	  10.00000
       457	       479	       399	  10.00000
       458	       154	       387	   8.00000
       459	        11	       381	   7.00000
       460	       109	        55	  10.00000
       461	       221	       448	   7.00000
       462	       123	       364	   2.00000
       463	        97	       195	   9.00000
       464	       473	       461	   6.00000
       465	       290	       113	   3.00000
       466	       129	       315	   8.00000
       467	       344	       475	   9.00000
       468	       138	       493	   4.00000
       469	       134	       341	   9.00000
       470	         8	       268	   3.00000
       471	       493	       127	   4.00000
       472	       474	        57	   8.00000
       473	       491	       421	   1.00000
       474	       170	       448	   3.00000
       475	       248	       452	   5.00000
       476	       280	       250	   1.00000
       477	       273	       357	   1.00000
       478	       469	        21	   5.00000
       479	       286	       317	   2.00000
       480	       184	       351	   8.00000
       481	       199	       362	   4.00000
       482	       477	        10	   9.00000
       483	       429	       249	   7.00000
       484	        77	        24	   2.00000
       485	       211	        82	   2.00000
       486	        96	        27	   8.00000
       487	        24	       111	   4.00000
       488	        15	       196	   5.00000
       489	       284	       400	   3.00000
       490	       224	       259	   2.00000
       491	        43	       467	   2.00000
       492	       282	       347	  10.00000
       493	       107	       477	   1.00000
       494	       324	       149	   1.00000
       495	       474	       321	   4.00000
       496	       213	       201	   4.00000
       497	       362	       334	  10.00000
       498	       234	       183	   9.00000
       499	       463	       101	   3.00000
       500	        40	        26	   4.00000
       501	        45	       324	   8.00000
       502	       251	       136	   5.00000
       503	       147	       115	   6.00000
       504	       186	       372	   4.00000
       505	       133	       144	   6.00000
       506	       279	       113	   6.00000
       507	        89	       236	   8.00000
       508	       408	       354	   1.00000
       509	       441	       124	  10.00000
       510	       416	        57	   5.00000
       511	       145	        96	  10.00000
       512	       192	       458	   3.00000
       513	       134	       398	   3.00000
       514	       147	       212	   3.00000
       515	       140	       436	   4.00000
       516	       113	       484	   9.00000
       517	       105	       330	   1.00000
       518	       452	       239	  10.00000
       519	       206	       477	   5.00000
       520	       461	       110	  10.00000
       521	       205	        78	   2.00000
       522	       203	       360	  10.00000
       523	       423	        84	   8.00000
       524	       364	        52	  10.00000
       525	       264	       235	  10.00000
       526	       430	       183	   1.00000
       527	       247	       112	   9.00000
       528	       172	       326	   9.00000
       529	       279	        32	   2.00000
       530	       175	       370	   7.00000
       531	       377	        39	   2.00000
       532	       109	       406	   9.00000
       533	       375	       431	   5.00000
       534	       337	       130	  10.00000
       535	       415	       491	   6.00000
       536	        41	       173	   9.00000
       537	       193	        47	   1.00000
       538	       266	       337	   6.00000
       539	        21	       196	   9.00000
       540	        83	        18	   3.00000
       541	       271	       234	   1.00000
       542	       352	        82	  10.00000
       543	       349	       228	   4.00000
       544	       409	       143	   1.00000
       545	       400	       391	   1.00000
       546	       474	       284	   7.00000
       547	        58	       466	   7.00000
       548	       246	       143	   6.00000
       549	       368	       465	   8.00000
       550	        68	       405	   5.00000
       551	       332	       362	   7.00000
       552	       157	       211	   3.00000
       553	       196	        60	   4.00000
       554	       234	       415	   8.00000
       555	       265	       497	   4.00000
       556	       461	        84	   1.00000
       557	        12	       265	  10.00000
       558	        76	       440	   9.00000
       559	        10	       195	   6.00000
       560	       238	       423	  10.00000
       561	       374	       279	   7.00000
       562	       168	        13	   4.00000
       563	       471	        90	   1.00000
       564	       299	       180	   7.00000
       565	       317	       365	   7.00000
       566	       365	       145	   3.00000
       567	       382	       467	   8.00000
       568	       317	       466	   2.00000
       569	       487	       304	   3.00000
       570	       206	       159	  10.00000
       571	       206	       276	   4.00000
       572	       303	       494	   9.00000
       573	       178	       404	   6.00000
       574	       451	       492	   2.00000
       575	       270	        38	  10.00000
       576	       104	       232	   6.00000
       577	       298	       331	   4.00000
       578	       190	       161	   5.00000
       579	       367	       281	   3.00000
       580	       238	        87	   8.00000
       581	        47	       284	   2.00000
       582	       372	        62	   3.00000
       583	        57	       468	   9.00000
       584	       312	       124	   8.00000
       585	       384	       417	   4.00000
       586	       195	       329	   1.00000
       587	       196	       232	   5.00000
       588	       369	       213	   3.00000
       589	       476	       321	   3.00000
       590	       201	        73	   5.00000
       591	       197	       381	   2.00000
       592	       362	        95	   2.00000
       593	       373	       202	   7.00000
       594	       248	        87	   4.00000
       595	       227	       359	   2.00000
       596	       164	       345	   3.00000
       597	         5	       485	   7.00000
       598	       122	       454	   7.00000
       599	       148	       308	   2.00000
       600	       444	       204	   5.00000
       601	       320	       444	   5.00000
       602	       383	       298	   8.00000
       603	       420	       182	   7.00000
       604	       467	       484	   7.00000
       605	         5	       406	   6.00000
       606	       234	         5	   1.00000
       607	       223	       381	   4.00000
       608	       358	       381	   7.00000
       609	       378	       417	   8.00000
       610	        59	       118	   3.00000
       611	       243	       220	  10.00000
       612	       136	       418	   1.00000
       613	       250	         1	   8.00000
       614	       280	       136	   1.00000
       615	       161	       141	   5.00000
       616	       182	         6	  10.00000
       617	        25	        33	   9.00000
       618	       327	       227	   7.00000
       619	        75	        92	   7.00000
       620	       427	       265	   5.00000
       621	       200	        68	   6.00000
       622	       231	       268	   9.00000
       623	       155	        35	  10.00000
       624	       224	       430	   6.00000
       625	       435	       213	   9.00000
