#
node
#name	v	h	type	weight
         1	   0.00000	   0.00000	     41.00000
         2	   0.00000	   0.00000	     0.00000
         3	   0.00000	   0.00000	     0.00000
         4	   0.00000	   0.00000	     0.00000
         5	   0.00000	   0.00000	     75.00000
         6	   0.00000	   0.00000	     81.00000
         7	   0.00000	   0.00000	     63.00000
         8	   0.00000	   0.00000	     0.00000
         9	   0.00000	   0.00000	     0.00000
        10	   0.00000	   0.00000	     30.00000
        11	   0.00000	   0.00000	     0.00000
        12	   0.00000	   0.00000	     59.00000
        13	   0.00000	   0.00000	     73.00000
        14	   0.00000	   0.00000	     19.00000
        15	   0.00000	   0.00000	     0.00000
        16	   0.00000	   0.00000	     0.00000
        17	   0.00000	   0.00000	     45.00000
        18	   0.00000	   0.00000	     47.00000
        19	   0.00000	   0.00000	     31.00000
        20	   0.00000	   0.00000	     69.00000
        21	   0.00000	   0.00000	     0.00000
        22	   0.00000	   0.00000	     80.00000
        23	   0.00000	   0.00000	     0.00000
        24	   0.00000	   0.00000	     0.00000
        25	   0.00000	   0.00000	     0.00000
        26	   0.00000	   0.00000	     32.00000
        27	   0.00000	   0.00000	     77.00000
        28	   0.00000	   0.00000	     0.00000
        29	   0.00000	   0.00000	     0.00000
        30	   0.00000	   0.00000	     0.00000
        31	   0.00000	   0.00000	     66.00000
        32	   0.00000	   0.00000	     74.00000
        33	   0.00000	   0.00000	     0.00000
        34	   0.00000	   0.00000	     0.00000
        35	   0.00000	   0.00000	     3.00000
        36	   0.00000	   0.00000	     63.00000
        37	   0.00000	   0.00000	     77.00000
        38	   0.00000	   0.00000	     6.00000
        39	   0.00000	   0.00000	     5.00000
        40	   0.00000	   0.00000	     0.00000
        41	   0.00000	   0.00000	     80.00000
        42	   0.00000	   0.00000	     75.00000
        43	   0.00000	   0.00000	     0.00000
        44	   0.00000	   0.00000	     0.00000
        45	   0.00000	   0.00000	     6.00000
        46	   0.00000	   0.00000	     0.00000
        47	   0.00000	   0.00000	     79.00000
        48	   0.00000	   0.00000	     67.00000
        49	   0.00000	   0.00000	     0.00000
        50	   0.00000	   0.00000	     70.00000
        51	   0.00000	   0.00000	     0.00000
        52	   0.00000	   0.00000	     0.00000
        53	   0.00000	   0.00000	     0.00000
        54	   0.00000	   0.00000	     0.00000
        55	   0.00000	   0.00000	     65.00000
        56	   0.00000	   0.00000	     0.00000
        57	   0.00000	   0.00000	     0.00000
        58	   0.00000	   0.00000	     32.00000
        59	   0.00000	   0.00000	     0.00000
        60	   0.00000	   0.00000	     67.00000
        61	   0.00000	   0.00000	     0.00000
        62	   0.00000	   0.00000	     68.00000
        63	   0.00000	   0.00000	     0.00000
        64	   0.00000	   0.00000	     94.00000
        65	   0.00000	   0.00000	     17.00000
        66	   0.00000	   0.00000	     0.00000
        67	   0.00000	   0.00000	     0.00000
        68	   0.00000	   0.00000	     0.00000
        69	   0.00000	   0.00000	     63.00000
        70	   0.00000	   0.00000	     0.00000
        71	   0.00000	   0.00000	     0.00000
        72	   0.00000	   0.00000	     41.00000
        73	   0.00000	   0.00000	     0.00000
        74	   0.00000	   0.00000	     0.00000
        75	   0.00000	   0.00000	     0.00000
        76	   0.00000	   0.00000	     77.00000
        77	   0.00000	   0.00000	     84.00000
        78	   0.00000	   0.00000	     0.00000
        79	   0.00000	   0.00000	     94.00000
        80	   0.00000	   0.00000	     0.00000
        81	   0.00000	   0.00000	     88.00000
        82	   0.00000	   0.00000	     72.00000
        83	   0.00000	   0.00000	     83.00000
        84	   0.00000	   0.00000	     33.00000
        85	   0.00000	   0.00000	     90.00000
        86	   0.00000	   0.00000	     0.00000
        87	   0.00000	   0.00000	     0.00000
        88	   0.00000	   0.00000	     23.00000
        89	   0.00000	   0.00000	     0.00000
        90	   0.00000	   0.00000	     0.00000
        91	   0.00000	   0.00000	     0.00000
        92	   0.00000	   0.00000	     66.00000
        93	   0.00000	   0.00000	     4.00000
        94	   0.00000	   0.00000	     22.00000
        95	   0.00000	   0.00000	     0.00000
        96	   0.00000	   0.00000	     33.00000
        97	   0.00000	   0.00000	     0.00000
        98	   0.00000	   0.00000	     66.00000
        99	   0.00000	   0.00000	     0.00000
       100	   0.00000	   0.00000	     44.00000
       101	   0.00000	   0.00000	     88.00000
       102	   0.00000	   0.00000	     0.00000
       103	   0.00000	   0.00000	     92.00000
       104	   0.00000	   0.00000	     93.00000
       105	   0.00000	   0.00000	     0.00000
       106	   0.00000	   0.00000	     0.00000
       107	   0.00000	   0.00000	     24.00000
       108	   0.00000	   0.00000	     33.00000
       109	   0.00000	   0.00000	     0.00000
       110	   0.00000	   0.00000	     88.00000
       111	   0.00000	   0.00000	     0.00000
       112	   0.00000	   0.00000	     82.00000
       113	   0.00000	   0.00000	     0.00000
       114	   0.00000	   0.00000	     0.00000
       115	   0.00000	   0.00000	     0.00000
       116	   0.00000	   0.00000	     0.00000
       117	   0.00000	   0.00000	     55.00000
       118	   0.00000	   0.00000	     86.00000
       119	   0.00000	   0.00000	     37.00000
       120	   0.00000	   0.00000	     62.00000
       121	   0.00000	   0.00000	     0.00000
       122	   0.00000	   0.00000	     30.00000
       123	   0.00000	   0.00000	     11.00000
       124	   0.00000	   0.00000	     0.00000
       125	   0.00000	   0.00000	     0.00000
       126	   0.00000	   0.00000	     29.00000
       127	   0.00000	   0.00000	     24.00000
       128	   0.00000	   0.00000	     8.00000
       129	   0.00000	   0.00000	     41.00000
       130	   0.00000	   0.00000	     85.00000
       131	   0.00000	   0.00000	     40.00000
       132	   0.00000	   0.00000	     0.00000
       133	   0.00000	   0.00000	     0.00000
       134	   0.00000	   0.00000	     37.00000
       135	   0.00000	   0.00000	     34.00000
       136	   0.00000	   0.00000	     0.00000
       137	   0.00000	   0.00000	     93.00000
       138	   0.00000	   0.00000	     0.00000
       139	   0.00000	   0.00000	     0.00000
       140	   0.00000	   0.00000	     24.00000
       141	   0.00000	   0.00000	     0.00000
       142	   0.00000	   0.00000	     3.00000
       143	   0.00000	   0.00000	     19.00000
       144	   0.00000	   0.00000	     0.00000
       145	   0.00000	   0.00000	     0.00000
       146	   0.00000	   0.00000	     0.00000
       147	   0.00000	   0.00000	     0.00000
       148	   0.00000	   0.00000	     0.00000
       149	   0.00000	   0.00000	     0.00000
       150	   0.00000	   0.00000	     0.00000
       151	   0.00000	   0.00000	     28.00000
       152	   0.00000	   0.00000	     4.00000
       153	   0.00000	   0.00000	     57.00000
       154	   0.00000	   0.00000	     0.00000
       155	   0.00000	   0.00000	     0.00000
       156	   0.00000	   0.00000	     17.00000
       157	   0.00000	   0.00000	     0.00000
       158	   0.00000	   0.00000	     74.00000
       159	   0.00000	   0.00000	     0.00000
       160	   0.00000	   0.00000	     0.00000
       161	   0.00000	   0.00000	     54.00000
       162	   0.00000	   0.00000	     61.00000
       163	   0.00000	   0.00000	     0.00000
       164	   0.00000	   0.00000	     76.00000
       165	   0.00000	   0.00000	     37.00000
       166	   0.00000	   0.00000	     22.00000
       167	   0.00000	   0.00000	     0.00000
       168	   0.00000	   0.00000	     0.00000
       169	   0.00000	   0.00000	     0.00000
       170	   0.00000	   0.00000	     84.00000
       171	   0.00000	   0.00000	     10.00000
       172	   0.00000	   0.00000	     0.00000
       173	   0.00000	   0.00000	     0.00000
       174	   0.00000	   0.00000	     63.00000
       175	   0.00000	   0.00000	     0.00000
       176	   0.00000	   0.00000	     0.00000
       177	   0.00000	   0.00000	     55.00000
       178	   0.00000	   0.00000	     0.00000
       179	   0.00000	   0.00000	     71.00000
       180	   0.00000	   0.00000	     0.00000
       181	   0.00000	   0.00000	     74.00000
       182	   0.00000	   0.00000	     0.00000
       183	   0.00000	   0.00000	     0.00000
       184	   0.00000	   0.00000	     0.00000
       185	   0.00000	   0.00000	     0.00000
       186	   0.00000	   0.00000	     6.00000
       187	   0.00000	   0.00000	     0.00000
       188	   0.00000	   0.00000	     55.00000
       189	   0.00000	   0.00000	     0.00000
       190	   0.00000	   0.00000	     77.00000
       191	   0.00000	   0.00000	     0.00000
       192	   0.00000	   0.00000	     11.00000
       193	   0.00000	   0.00000	     49.00000
       194	   0.00000	   0.00000	     25.00000
       195	   0.00000	   0.00000	     0.00000
       196	   0.00000	   0.00000	     0.00000
       197	   0.00000	   0.00000	     78.00000
       198	   0.00000	   0.00000	     0.00000
       199	   0.00000	   0.00000	     0.00000
       200	   0.00000	   0.00000	     0.00000
       201	   0.00000	   0.00000	     62.00000
       202	   0.00000	   0.00000	     0.00000
       203	   0.00000	   0.00000	     13.00000
       204	   0.00000	   0.00000	     0.00000
       205	   0.00000	   0.00000	     0.00000
       206	   0.00000	   0.00000	     0.00000
       207	   0.00000	   0.00000	     0.00000
       208	   0.00000	   0.00000	     20.00000
       209	   0.00000	   0.00000	     10.00000
       210	   0.00000	   0.00000	     26.00000
       211	   0.00000	   0.00000	     28.00000
       212	   0.00000	   0.00000	     34.00000
       213	   0.00000	   0.00000	     0.00000
       214	   0.00000	   0.00000	     0.00000
       215	   0.00000	   0.00000	     74.00000
       216	   0.00000	   0.00000	     69.00000
       217	   0.00000	   0.00000	     0.00000
       218	   0.00000	   0.00000	     0.00000
       219	   0.00000	   0.00000	     50.00000
       220	   0.00000	   0.00000	     23.00000
       221	   0.00000	   0.00000	     45.00000
       222	   0.00000	   0.00000	     0.00000
       223	   0.00000	   0.00000	     0.00000
       224	   0.00000	   0.00000	     0.00000
       225	   0.00000	   0.00000	     26.00000
       226	   0.00000	   0.00000	     47.00000
       227	   0.00000	   0.00000	     0.00000
       228	   0.00000	   0.00000	     3.00000
       229	   0.00000	   0.00000	     43.00000
       230	   0.00000	   0.00000	     0.00000
       231	   0.00000	   0.00000	     39.00000
       232	   0.00000	   0.00000	     0.00000
       233	   0.00000	   0.00000	     38.00000
       234	   0.00000	   0.00000	     35.00000
       235	   0.00000	   0.00000	     69.00000
       236	   0.00000	   0.00000	     91.00000
       237	   0.00000	   0.00000	     0.00000
       238	   0.00000	   0.00000	     62.00000
       239	   0.00000	   0.00000	     0.00000
       240	   0.00000	   0.00000	     0.00000
       241	   0.00000	   0.00000	     44.00000
       242	   0.00000	   0.00000	     0.00000
       243	   0.00000	   0.00000	     0.00000
       244	   0.00000	   0.00000	     0.00000
       245	   0.00000	   0.00000	     50.00000
       246	   0.00000	   0.00000	     93.00000
       247	   0.00000	   0.00000	     32.00000
       248	   0.00000	   0.00000	     0.00000
       249	   0.00000	   0.00000	     0.00000
       250	   0.00000	   0.00000	     5.00000
       251	   0.00000	   0.00000	     0.00000
       252	   0.00000	   0.00000	     97.00000
       253	   0.00000	   0.00000	     90.00000
       254	   0.00000	   0.00000	     0.00000
       255	   0.00000	   0.00000	     40.00000
       256	   0.00000	   0.00000	     0.00000
       257	   0.00000	   0.00000	     12.00000
       258	   0.00000	   0.00000	     0.00000
       259	   0.00000	   0.00000	     0.00000
       260	   0.00000	   0.00000	     0.00000
       261	   0.00000	   0.00000	     16.00000
       262	   0.00000	   0.00000	     0.00000
       263	   0.00000	   0.00000	     0.00000
       264	   0.00000	   0.00000	     79.00000
       265	   0.00000	   0.00000	     0.00000
       266	   0.00000	   0.00000	     0.00000
       267	   0.00000	   0.00000	     0.00000
       268	   0.00000	   0.00000	     74.00000
       269	   0.00000	   0.00000	     65.00000
       270	   0.00000	   0.00000	     16.00000
       271	   0.00000	   0.00000	     27.00000
       272	   0.00000	   0.00000	     77.00000
       273	   0.00000	   0.00000	     0.00000
       274	   0.00000	   0.00000	     97.00000
       275	   0.00000	   0.00000	     68.00000
       276	   0.00000	   0.00000	     2.00000
       277	   0.00000	   0.00000	     84.00000
       278	   0.00000	   0.00000	     5.00000
       279	   0.00000	   0.00000	     0.00000
       280	   0.00000	   0.00000	     0.00000
       281	   0.00000	   0.00000	     0.00000
       282	   0.00000	   0.00000	     31.00000
       283	   0.00000	   0.00000	     26.00000
       284	   0.00000	   0.00000	     66.00000
       285	   0.00000	   0.00000	     55.00000
       286	   0.00000	   0.00000	     0.00000
       287	   0.00000	   0.00000	     88.00000
       288	   0.00000	   0.00000	     33.00000
       289	   0.00000	   0.00000	     0.00000
       290	   0.00000	   0.00000	     90.00000
       291	   0.00000	   0.00000	     0.00000
       292	   0.00000	   0.00000	     0.00000
       293	   0.00000	   0.00000	     47.00000
       294	   0.00000	   0.00000	     0.00000
       295	   0.00000	   0.00000	     70.00000
       296	   0.00000	   0.00000	     65.00000
       297	   0.00000	   0.00000	     0.00000
       298	   0.00000	   0.00000	     0.00000
       299	   0.00000	   0.00000	     9.00000
       300	   0.00000	   0.00000	     0.00000
       301	   0.00000	   0.00000	     0.00000
       302	   0.00000	   0.00000	     61.00000
       303	   0.00000	   0.00000	     0.00000
       304	   0.00000	   0.00000	     0.00000
       305	   0.00000	   0.00000	     0.00000
       306	   0.00000	   0.00000	     54.00000
       307	   0.00000	   0.00000	     0.00000
       308	   0.00000	   0.00000	     34.00000
       309	   0.00000	   0.00000	     97.00000
       310	   0.00000	   0.00000	     38.00000
       311	   0.00000	   0.00000	     85.00000
       312	   0.00000	   0.00000	     0.00000
       313	   0.00000	   0.00000	     0.00000
       314	   0.00000	   0.00000	     0.00000
       315	   0.00000	   0.00000	     0.00000
       316	   0.00000	   0.00000	     0.00000
       317	   0.00000	   0.00000	     0.00000
       318	   0.00000	   0.00000	     73.00000
       319	   0.00000	   0.00000	     94.00000
       320	   0.00000	   0.00000	     34.00000
       321	   0.00000	   0.00000	     29.00000
       322	   0.00000	   0.00000	     0.00000
       323	   0.00000	   0.00000	     0.00000
       324	   0.00000	   0.00000	     0.00000
       325	   0.00000	   0.00000	     99.00000
       326	   0.00000	   0.00000	     78.00000
       327	   0.00000	   0.00000	     0.00000
       328	   0.00000	   0.00000	     0.00000
       329	   0.00000	   0.00000	     0.00000
       330	   0.00000	   0.00000	     0.00000
       331	   0.00000	   0.00000	     98.00000
       332	   0.00000	   0.00000	     0.00000
       333	   0.00000	   0.00000	     62.00000
       334	   0.00000	   0.00000	     92.00000
       335	   0.00000	   0.00000	     0.00000
       336	   0.00000	   0.00000	     76.00000
       337	   0.00000	   0.00000	     0.00000
       338	   0.00000	   0.00000	     0.00000
       339	   0.00000	   0.00000	     90.00000
       340	   0.00000	   0.00000	     56.00000
       341	   0.00000	   0.00000	     67.00000
       342	   0.00000	   0.00000	     56.00000
       343	   0.00000	   0.00000	     22.00000
       344	   0.00000	   0.00000	     0.00000
       345	   0.00000	   0.00000	     66.00000
       346	   0.00000	   0.00000	     12.00000
       347	   0.00000	   0.00000	     0.00000
       348	   0.00000	   0.00000	     0.00000
       349	   0.00000	   0.00000	     0.00000
       350	   0.00000	   0.00000	     0.00000
       351	   0.00000	   0.00000	     0.00000
       352	   0.00000	   0.00000	     97.00000
       353	   0.00000	   0.00000	     0.00000
       354	   0.00000	   0.00000	     14.00000
       355	   0.00000	   0.00000	     96.00000
       356	   0.00000	   0.00000	     4.00000
       357	   0.00000	   0.00000	     0.00000
       358	   0.00000	   0.00000	     0.00000
       359	   0.00000	   0.00000	     0.00000
       360	   0.00000	   0.00000	     53.00000
       361	   0.00000	   0.00000	     89.00000
       362	   0.00000	   0.00000	     9.00000
       363	   0.00000	   0.00000	     0.00000
       364	   0.00000	   0.00000	     2.00000
       365	   0.00000	   0.00000	     0.00000
       366	   0.00000	   0.00000	     0.00000
       367	   0.00000	   0.00000	     7.00000
       368	   0.00000	   0.00000	     0.00000
       369	   0.00000	   0.00000	     0.00000
       370	   0.00000	   0.00000	     0.00000
       371	   0.00000	   0.00000	     0.00000
       372	   0.00000	   0.00000	     14.00000
       373	   0.00000	   0.00000	     0.00000
       374	   0.00000	   0.00000	     1.00000
       375	   0.00000	   0.00000	     69.00000
       376	   0.00000	   0.00000	     0.00000
       377	   0.00000	   0.00000	     0.00000
       378	   0.00000	   0.00000	     55.00000
       379	   0.00000	   0.00000	     0.00000
       380	   0.00000	   0.00000	     0.00000
       381	   0.00000	   0.00000	     0.00000
       382	   0.00000	   0.00000	     58.00000
       383	   0.00000	   0.00000	     0.00000
       384	   0.00000	   0.00000	     0.00000
       385	   0.00000	   0.00000	     93.00000
       386	   0.00000	   0.00000	     58.00000
       387	   0.00000	   0.00000	     33.00000
       388	   0.00000	   0.00000	     23.00000
       389	   0.00000	   0.00000	     93.00000
       390	   0.00000	   0.00000	     58.00000
       391	   0.00000	   0.00000	     43.00000
       392	   0.00000	   0.00000	     85.00000
       393	   0.00000	   0.00000	     0.00000
       394	   0.00000	   0.00000	     97.00000
       395	   0.00000	   0.00000	     56.00000
       396	   0.00000	   0.00000	     0.00000
       397	   0.00000	   0.00000	     0.00000
       398	   0.00000	   0.00000	     0.00000
       399	   0.00000	   0.00000	     41.00000
       400	   0.00000	   0.00000	     98.00000
       401	   0.00000	   0.00000	     7.00000
       402	   0.00000	   0.00000	     0.00000
       403	   0.00000	   0.00000	     0.00000
       404	   0.00000	   0.00000	     1.00000
       405	   0.00000	   0.00000	     8.00000
       406	   0.00000	   0.00000	     0.00000
       407	   0.00000	   0.00000	     45.00000
       408	   0.00000	   0.00000	     0.00000
       409	   0.00000	   0.00000	     0.00000
       410	   0.00000	   0.00000	     42.00000
       411	   0.00000	   0.00000	     0.00000
       412	   0.00000	   0.00000	     0.00000
       413	   0.00000	   0.00000	     0.00000
       414	   0.00000	   0.00000	     0.00000
       415	   0.00000	   0.00000	     0.00000
       416	   0.00000	   0.00000	     17.00000
       417	   0.00000	   0.00000	     0.00000
       418	   0.00000	   0.00000	     0.00000
       419	   0.00000	   0.00000	     6.00000
       420	   0.00000	   0.00000	     38.00000
       421	   0.00000	   0.00000	     0.00000
       422	   0.00000	   0.00000	     16.00000
       423	   0.00000	   0.00000	     0.00000
       424	   0.00000	   0.00000	     0.00000
       425	   0.00000	   0.00000	     0.00000
       426	   0.00000	   0.00000	     80.00000
       427	   0.00000	   0.00000	     98.00000
       428	   0.00000	   0.00000	     0.00000
       429	   0.00000	   0.00000	     0.00000
       430	   0.00000	   0.00000	     0.00000
       431	   0.00000	   0.00000	     0.00000
       432	   0.00000	   0.00000	     94.00000
       433	   0.00000	   0.00000	     0.00000
       434	   0.00000	   0.00000	     0.00000
       435	   0.00000	   0.00000	     19.00000
       436	   0.00000	   0.00000	     0.00000
       437	   0.00000	   0.00000	     13.00000
       438	   0.00000	   0.00000	     99.00000
       439	   0.00000	   0.00000	     0.00000
       440	   0.00000	   0.00000	     0.00000
       441	   0.00000	   0.00000	     0.00000
       442	   0.00000	   0.00000	     59.00000
       443	   0.00000	   0.00000	     0.00000
       444	   0.00000	   0.00000	     0.00000
       445	   0.00000	   0.00000	     1.00000
       446	   0.00000	   0.00000	     0.00000
       447	   0.00000	   0.00000	     0.00000
       448	   0.00000	   0.00000	     0.00000
       449	   0.00000	   0.00000	     0.00000
       450	   0.00000	   0.00000	     0.00000
       451	   0.00000	   0.00000	     62.00000
       452	   0.00000	   0.00000	     82.00000
       453	   0.00000	   0.00000	     0.00000
       454	   0.00000	   0.00000	     30.00000
       455	   0.00000	   0.00000	     86.00000
       456	   0.00000	   0.00000	     20.00000
       457	   0.00000	   0.00000	     0.00000
       458	   0.00000	   0.00000	     65.00000
       459	   0.00000	   0.00000	     53.00000
       460	   0.00000	   0.00000	     0.00000
       461	   0.00000	   0.00000	     43.00000
       462	   0.00000	   0.00000	     13.00000
       463	   0.00000	   0.00000	     3.00000
       464	   0.00000	   0.00000	     94.00000
       465	   0.00000	   0.00000	     0.00000
       466	   0.00000	   0.00000	     42.00000
       467	   0.00000	   0.00000	     18.00000
       468	   0.00000	   0.00000	     26.00000
       469	   0.00000	   0.00000	     0.00000
       470	   0.00000	   0.00000	     15.00000
       471	   0.00000	   0.00000	     0.00000
       472	   0.00000	   0.00000	     61.00000
       473	   0.00000	   0.00000	     0.00000
       474	   0.00000	   0.00000	     43.00000
       475	   0.00000	   0.00000	     55.00000
       476	   0.00000	   0.00000	     0.00000
       477	   0.00000	   0.00000	     0.00000
       478	   0.00000	   0.00000	     0.00000
       479	   0.00000	   0.00000	     41.00000
       480	   0.00000	   0.00000	     39.00000
       481	   0.00000	   0.00000	     0.00000
       482	   0.00000	   0.00000	     13.00000
       483	   0.00000	   0.00000	     71.00000
       484	   0.00000	   0.00000	     6.00000
       485	   0.00000	   0.00000	     0.00000
       486	   0.00000	   0.00000	     4.00000
       487	   0.00000	   0.00000	     59.00000
       488	   0.00000	   0.00000	     51.00000
       489	   0.00000	   0.00000	     0.00000
       490	   0.00000	   0.00000	     70.00000
       491	   0.00000	   0.00000	     0.00000
       492	   0.00000	   0.00000	     0.00000
       493	   0.00000	   0.00000	     0.00000
       494	   0.00000	   0.00000	     0.00000
       495	   0.00000	   0.00000	     15.00000
       496	   0.00000	   0.00000	     0.00000
       497	   0.00000	   0.00000	     91.00000
       498	   0.00000	   0.00000	     50.00000
       499	   0.00000	   0.00000	     65.00000
       500	   0.00000	   0.00000	     0.00000
link
#name	n1	n2	weight	source	type
         1	        41	       107	  10.00000
         2	        41	       469	   7.00000
         3	        41	       392	   6.00000
         4	       151	       392	   8.00000
         5	       117	       151	   9.00000
         6	       391	        41	  10.00000
         7	        41	       397	   6.00000
         8	       117	       454	  10.00000
         9	       117	       293	   3.00000
        10	       455	       107	   7.00000
        11	       391	       225	  10.00000
        12	       186	       392	   1.00000
        13	       399	       454	   8.00000
        14	       392	       426	   9.00000
        15	       281	        41	   4.00000
        16	       469	       160	   2.00000
        17	       350	       117	   2.00000
        18	       454	       355	   2.00000
        19	       204	       355	  10.00000
        20	       128	       392	   1.00000
        21	       399	        17	   6.00000
        22	       151	       299	   4.00000
        23	       351	       391	   6.00000
        24	       455	       446	   4.00000
        25	       187	       391	   1.00000
        26	        79	       299	   7.00000
        27	       151	        23	   2.00000
        28	       195	       117	   4.00000
        29	       499	       187	   2.00000
        30	        83	        79	   3.00000
        31	       426	       146	  10.00000
        32	       350	        65	   6.00000
        33	       409	        83	   8.00000
        34	       392	       470	   4.00000
        35	       246	       160	   5.00000
        36	         4	        83	   5.00000
        37	       399	       357	   5.00000
        38	       191	       351	   4.00000
        39	       409	       370	   6.00000
        40	       144	       225	   4.00000
        41	       188	       160	   5.00000
        42	       476	       350	   3.00000
        43	       469	       340	   7.00000
        44	        76	       392	   7.00000
        45	       271	       469	   8.00000
        46	       152	       499	   8.00000
        47	       315	       397	   2.00000
        48	       272	       152	  10.00000
        49	        76	       106	   8.00000
        50	       152	       200	   1.00000
        51	       101	        23	   1.00000
        52	       146	       478	   2.00000
        53	       474	        79	   5.00000
        54	        17	       276	   8.00000
        55	       270	       370	   6.00000
        56	       488	       355	   7.00000
        57	       345	       357	   5.00000
        58	        46	       469	   9.00000
        59	        74	       204	   9.00000
        60	       315	       125	   3.00000
        61	       104	       225	   8.00000
        62	       146	       341	   9.00000
        63	       187	       108	  10.00000
        64	       340	       344	  10.00000
        65	       345	       483	   7.00000
        66	       250	        23	   6.00000
        67	       235	       455	   2.00000
        68	        77	       272	   3.00000
        69	       428	       125	   7.00000
        70	       436	       428	   9.00000
        71	       399	       312	   9.00000
        72	       246	        60	   9.00000
        73	        41	       262	  10.00000
        74	        67	       355	   2.00000
        75	        88	       478	   4.00000
        76	       445	       474	   3.00000
        77	       470	       149	   2.00000
        78	       400	       436	   7.00000
        79	       488	        69	   7.00000
        80	       379	       187	   4.00000
        81	       288	       144	   7.00000
        82	       212	       350	   1.00000
        83	       365	       186	  10.00000
        84	       470	       418	   3.00000
        85	       429	       499	   5.00000
        86	        99	       379	   8.00000
        87	       409	       274	   7.00000
        88	        41	       438	   4.00000
        89	        67	       260	  10.00000
        90	       351	       451	   5.00000
        91	       340	       489	   1.00000
        92	       396	        60	   1.00000
        93	       429	       239	   7.00000
        94	        81	       370	   4.00000
        95	       108	       153	   6.00000
        96	       146	       123	   7.00000
        97	       266	        83	   5.00000
        98	       451	         2	  10.00000
        99	       499	       141	   5.00000
       100	       455	       249	   6.00000
       101	       489	       487	   2.00000
       102	        24	       451	   3.00000
       103	        96	       239	   7.00000
       104	       409	       316	   9.00000
       105	        79	       214	   9.00000
       106	       420	       117	   8.00000
       107	       416	       396	   1.00000
       108	        82	        83	   6.00000
       109	       400	       131	   2.00000
       110	       401	        60	   1.00000
       111	       345	       491	   8.00000
       112	       397	       145	   8.00000
       113	       122	       195	   6.00000
       114	       350	       201	   6.00000
       115	        48	       399	   4.00000
       116	       392	        33	   5.00000
       117	        88	       179	   8.00000
       118	        37	       418	   2.00000
       119	       125	       253	   2.00000
       120	        99	       389	   4.00000
       121	       323	       340	   1.00000
       122	        67	       484	   1.00000
       123	       312	       410	   4.00000
       124	       432	       488	   3.00000
       125	        79	       211	   9.00000
       126	       108	       224	  10.00000
       127	       389	       364	   7.00000
       128	        12	       357	   3.00000
       129	       395	       401	  10.00000
       130	       115	       141	   3.00000
       131	       332	        46	   7.00000
       132	       412	       410	   3.00000
       133	       489	       283	   6.00000
       134	       455	       356	   4.00000
       135	       468	       152	   2.00000
       136	       172	       396	   3.00000
       137	       436	       176	   3.00000
       138	       398	       186	   8.00000
       139	       197	        88	   4.00000
       140	       474	       241	  10.00000
       141	       123	       376	   2.00000
       142	       128	       435	   5.00000
       143	        46	        10	   5.00000
       144	        77	       121	   7.00000
       145	       452	       483	   4.00000
       146	       164	       145	  10.00000
       147	       197	       268	   3.00000
       148	       318	       149	  10.00000
       149	       281	       380	   7.00000
       150	        46	         1	   5.00000
       151	        69	       317	   2.00000
       152	       140	       370	   8.00000
       153	        99	       325	   3.00000
       154	        77	       472	   1.00000
       155	       288	       114	  10.00000
       156	        45	       392	   9.00000
       157	       164	       408	   6.00000
       158	       218	       211	   2.00000
       159	       125	       245	   7.00000
       160	       460	         4	   3.00000
       161	       115	        36	   4.00000
       162	        32	        65	   8.00000
       163	       465	       445	   7.00000
       164	         9	       401	   2.00000
       165	       145	       112	   8.00000
       166	        29	       469	   2.00000
       167	       390	       131	   4.00000
       168	       449	       315	  10.00000
       169	       140	       322	   2.00000
       170	        17	        40	   7.00000
       171	       382	       420	   5.00000
       172	       488	       213	   4.00000
       173	       463	       224	   4.00000
       174	       292	       316	   3.00000
       175	       304	       426	   9.00000
       176	        16	       357	   5.00000
       177	       170	       312	   5.00000
       178	       170	        13	   4.00000
       179	       477	       397	   1.00000
       180	       324	       188	   8.00000
       181	       487	       320	  10.00000
       182	       129	        48	   4.00000
       183	       356	       337	   1.00000
       184	       231	       239	   9.00000
       185	       112	       199	   3.00000
       186	       265	       488	   8.00000
       187	       330	       432	   2.00000
       188	       487	       492	   2.00000
       189	       344	       294	   7.00000
       190	       270	       173	   8.00000
       191	       421	       123	   5.00000
       192	       180	       274	   8.00000
       193	        69	       202	  10.00000
       194	       383	        83	   7.00000
       195	        49	       288	   6.00000
       196	       214	       297	   4.00000
       197	       438	       439	   1.00000
       198	       414	        33	   5.00000
       199	       423	       104	   9.00000
       200	       296	       160	   7.00000
       201	       493	       420	   1.00000
       202	       423	       386	   8.00000
       203	        93	       160	   1.00000
       204	       381	        82	   8.00000
       205	       263	       429	   1.00000
       206	       447	        99	   8.00000
       207	        25	       435	   7.00000
       208	        33	       216	  10.00000
       209	        87	       249	   9.00000
       210	       484	       331	  10.00000
       211	       413	       499	   8.00000
       212	        96	       441	   1.00000
       213	       223	       492	   6.00000
       214	       169	       432	   6.00000
       215	       356	       182	   1.00000
       216	       481	       131	   3.00000
       217	       297	       404	   4.00000
       218	       173	       228	   5.00000
       219	       398	       126	   4.00000
       220	        38	        67	   9.00000
       221	       273	       228	   7.00000
       222	       237	       409	   7.00000
       223	        10	       368	   2.00000
       224	       328	       200	   3.00000
       225	       120	       368	   4.00000
       226	       291	       322	  10.00000
       227	       158	       265	   6.00000
       228	       485	       337	   7.00000
       229	       188	        80	   4.00000
       230	       360	       404	   6.00000
       231	         7	       487	   8.00000
       232	       198	       451	   1.00000
       233	       181	       288	   1.00000
       234	       188	        20	   3.00000
       235	       463	       261	   7.00000
       236	        76	        90	   2.00000
       237	       451	       443	   4.00000
       238	       454	        73	   4.00000
       239	         5	       499	   2.00000
       240	       266	       375	   4.00000
       241	        21	       365	   8.00000
       242	       169	       203	   6.00000
       243	       103	       344	   8.00000
       244	       226	       470	   5.00000
       245	       241	       124	   6.00000
       246	       192	        81	   2.00000
       247	        85	       451	   4.00000
       248	       105	       438	   9.00000
       249	       172	       127	   4.00000
       250	       450	       195	   9.00000
       251	       287	       198	   4.00000
       252	       368	       282	   1.00000
       253	       249	       142	   7.00000
       254	       490	       246	   6.00000
       255	       195	       327	   6.00000
       256	       319	       355	   3.00000
       257	        36	       431	   8.00000
       258	       291	        71	   7.00000
       259	       108	         6	   8.00000
       260	       168	        88	  10.00000
       261	       414	        11	   4.00000
       262	       446	       464	   1.00000
       263	       190	       164	   1.00000
       264	        64	       390	  10.00000
       265	       411	        99	   8.00000
       266	       367	       282	   5.00000
       267	       417	       410	   6.00000
       268	       135	       355	  10.00000
       269	        78	       287	   7.00000
       270	       321	       191	   4.00000
       271	       351	       310	   2.00000
       272	       398	       119	   3.00000
       273	       477	       456	   6.00000
       274	       267	        10	  10.00000
       275	        89	       103	   2.00000
       276	       347	       360	   4.00000
       277	       424	       123	   2.00000
       278	       221	       424	   7.00000
       279	       401	       116	  10.00000
       280	       202	       387	  10.00000
       281	       132	       270	   8.00000
       282	        78	        68	   8.00000
       283	       491	       302	   8.00000
       284	       357	       232	   6.00000
       285	       204	       374	   5.00000
       286	       223	       366	   9.00000
       287	        43	        16	   7.00000
       288	       160	       139	   4.00000
       289	       104	       444	   2.00000
       290	       346	       153	   8.00000
       291	       435	        66	   5.00000
       292	       158	        27	  10.00000
       293	       433	       413	   6.00000
       294	       470	       495	  10.00000
       295	       290	         2	   5.00000
       296	       103	       242	   6.00000
       297	       400	        91	   6.00000
       298	        70	       484	  10.00000
       299	       417	       422	   4.00000
       300	        72	       270	   6.00000
       301	       207	        23	   1.00000
       302	       475	       493	   9.00000
       303	       317	       220	   2.00000
       304	       187	        54	  10.00000
       305	       340	       280	   7.00000
       306	       306	         4	   5.00000
       307	       375	       243	   4.00000
       308	       497	       226	   4.00000
       309	       102	         5	   7.00000
       310	       187	       371	   8.00000
       311	       430	       478	   7.00000
       312	       206	       302	   7.00000
       313	       102	       394	   1.00000
       314	        36	       163	   8.00000
       315	       432	       244	   5.00000
       316	       500	       114	   9.00000
       317	       483	       165	  10.00000
       318	        38	       278	   5.00000
       319	       185	       401	   5.00000
       320	       227	       296	   9.00000
       321	       125	       307	   9.00000
       322	       491	        92	  10.00000
       323	        61	       337	  10.00000
       324	       277	        13	   8.00000
       325	       179	        51	   8.00000
       326	       428	       427	   7.00000
       327	       363	       123	   2.00000
       328	       425	       108	   8.00000
       329	       118	        81	   8.00000
       330	       335	       164	   4.00000
       331	        98	       351	   7.00000
       332	       326	       204	   2.00000
       333	         5	       415	   6.00000
       334	       387	       148	  10.00000
       335	       254	       125	   4.00000
       336	       392	       258	   1.00000
       337	       196	       253	   9.00000
       338	       482	       164	   6.00000
       339	        50	       144	   3.00000
       340	       342	       237	   4.00000
       341	       499	       137	  10.00000
       342	       302	       440	   6.00000
       343	        83	        95	   5.00000
       344	       292	        34	   4.00000
       345	       459	       444	   4.00000
       346	       238	       455	   5.00000
       347	       208	       191	   6.00000
       348	       269	        60	   1.00000
       349	       339	        78	  10.00000
       350	       349	       117	   6.00000
       351	       251	       497	  10.00000
       352	       391	       155	   3.00000
       353	       266	        28	   7.00000
       354	       214	       111	   7.00000
       355	       461	       387	   2.00000
       356	       261	       298	   3.00000
       357	       451	         8	   1.00000
       358	        51	       305	   1.00000
       359	       219	       335	  10.00000
       360	       357	        19	   8.00000
       361	        53	       152	   2.00000
       362	       255	        60	   8.00000
       363	       317	        86	   9.00000
       364	        22	       121	   2.00000
       365	       389	       402	   6.00000
       366	       123	        42	   4.00000
       367	       333	       487	   2.00000
       368	       165	        14	  10.00000
       369	       419	       380	   3.00000
       370	       284	       367	   3.00000
       371	       272	       372	   1.00000
       372	       495	       157	   1.00000
       373	        76	       448	   3.00000
       374	       211	       358	   5.00000
       375	       159	       428	   4.00000
       376	       469	       309	   6.00000
       377	        63	        80	   1.00000
       378	       373	       149	   1.00000
       379	       408	       336	   7.00000
       380	       200	       384	  10.00000
       381	       166	       324	   2.00000
       382	       173	       236	   5.00000
       383	        20	       406	   9.00000
       384	       295	       120	   2.00000
       385	       227	       259	   9.00000
       386	        72	       229	   1.00000
       387	       177	       452	   9.00000
       388	       167	       155	  10.00000
       389	       152	        75	   6.00000
       390	       149	       275	   3.00000
       391	       443	       286	   8.00000
       392	       415	       175	   4.00000
       393	       161	       131	  10.00000
       394	       243	       110	   6.00000
       395	       343	       142	   3.00000
       396	       133	       463	   9.00000
       397	       217	       427	   6.00000
       398	       174	       397	   9.00000
       399	       388	       243	   3.00000
       400	        66	       353	   5.00000
       401	       428	        26	   4.00000
       402	       237	       362	   4.00000
       403	       301	       146	   8.00000
       404	       318	       311	   9.00000
       405	        32	        94	   7.00000
       406	       226	       147	   1.00000
       407	        67	         3	   4.00000
       408	       154	       374	   4.00000
       409	         7	       405	   6.00000
       410	       235	       494	   1.00000
       411	       138	       495	   7.00000
       412	       495	       348	   1.00000
       413	        59	       304	   1.00000
       414	       378	       196	   7.00000
       415	        61	       369	   1.00000
       416	        95	       264	   2.00000
       417	       178	        28	   9.00000
       418	       452	        31	   6.00000
       419	       171	       402	   8.00000
       420	       193	       443	   4.00000
       421	        83	        84	   1.00000
       422	       334	       302	   8.00000
       423	        70	       210	   3.00000
       424	       189	       484	   4.00000
       425	        57	       481	   3.00000
       426	       496	       349	   3.00000
       427	       150	       351	   7.00000
       428	       162	       102	   7.00000
       429	        59	       247	   9.00000
       430	       155	       403	   9.00000
       431	       395	       359	   4.00000
       432	       205	       238	   7.00000
       433	       142	        97	   9.00000
       434	       143	       493	   3.00000
       435	       113	       440	   8.00000
       436	       365	       134	   1.00000
       437	       180	       279	   4.00000
       438	       341	       248	   3.00000
       439	        79	       314	   5.00000
       440	       168	       130	   7.00000
       441	       259	       434	   9.00000
       442	       193	       354	   3.00000
       443	        13	        44	   1.00000
       444	       393	       299	   5.00000
       445	       257	       427	   1.00000
       446	       377	        34	   9.00000
       447	       222	       235	   8.00000
       448	       471	       369	   1.00000
       449	       272	       233	   4.00000
       450	       447	       100	   4.00000
       451	       391	       462	   4.00000
       452	       329	       354	   1.00000
       453	       194	       213	   7.00000
       454	       479	       168	   7.00000
       455	       195	       300	   8.00000
       456	       498	       326	   2.00000
       457	        30	       218	   4.00000
       458	       473	       225	   7.00000
       459	       289	       377	   5.00000
       460	       260	       480	   7.00000
       461	       156	       464	   5.00000
       462	       153	       338	   3.00000
       463	       458	       341	   1.00000
       464	       377	        52	   7.00000
       465	        80	        56	   4.00000
       466	       230	        76	   4.00000
       467	       323	       308	   1.00000
       468	       256	       438	   5.00000
       469	       303	        11	   1.00000
       470	       410	       285	   9.00000
       471	       204	       209	   9.00000
       472	        15	       355	   5.00000
       473	       185	       453	   6.00000
       474	        21	       442	   4.00000
       475	       457	       304	   7.00000
       476	       371	       407	   3.00000
       477	        35	       108	   7.00000
       478	       261	       313	  10.00000
       479	        18	       393	   5.00000
       480	       399	       215	   6.00000
       481	       154	       486	   8.00000
       482	       252	       374	   3.00000
       483	        58	       453	   4.00000
       484	       337	       183	   3.00000
       485	        62	       142	   7.00000
       486	       109	       493	   3.00000
       487	       218	       437	   4.00000
       488	        51	       466	   9.00000
       489	         2	       136	   1.00000
       490	        63	        39	   4.00000
       491	       310	       184	   1.00000
       492	       352	       378	   8.00000
       493	       400	       361	   4.00000
       494	       467	       256	   4.00000
       495	       356	       385	   7.00000
       496	       395	        47	   8.00000
       497	        63	       234	   9.00000
       498	       240	       368	   9.00000
       499	       261	        55	   8.00000
       500	       186	       226	   8.00000
       501	        16	       483	   3.00000
       502	        42	        17	   3.00000
       503	       193	       348	   1.00000
       504	        76	       270	   4.00000
       505	        97	       380	   8.00000
       506	       406	       196	  10.00000
       507	        81	       316	   9.00000
       508	       368	       339	   5.00000
       509	        21	       270	   3.00000
       510	       468	       497	   1.00000
       511	       346	         3	   6.00000
       512	       496	        54	   6.00000
       513	        13	       181	   8.00000
       514	       101	       165	   7.00000
       515	       453	        13	   6.00000
       516	       468	       315	   4.00000
       517	       263	       277	  10.00000
       518	       175	       173	  10.00000
       519	       355	        97	   8.00000
       520	       217	        78	   9.00000
       521	        95	        32	   6.00000
       522	        34	       447	  10.00000
       523	       389	        46	   2.00000
       524	        81	       210	   9.00000
       525	        20	       203	   1.00000
       526	       307	       343	   2.00000
       527	        53	       446	   2.00000
       528	        13	       478	   1.00000
       529	       397	       432	   9.00000
       530	       271	       262	   8.00000
       531	       361	        86	   8.00000
       532	       149	       184	   6.00000
       533	       230	       490	   4.00000
       534	       370	       291	   2.00000
       535	       331	       444	   9.00000
       536	       357	       409	   3.00000
       537	         3	        55	   9.00000
       538	       483	       196	  10.00000
       539	       340	       473	   9.00000
       540	       443	       139	   2.00000
       541	       450	       471	   5.00000
       542	        90	       116	   7.00000
       543	       105	        52	   7.00000
       544	        54	        63	   4.00000
       545	        52	       246	   3.00000
       546	       317	       381	   9.00000
       547	        11	       161	   3.00000
       548	       157	       187	   8.00000
       549	        80	       183	   9.00000
       550	       105	       167	   9.00000
       551	        76	       415	   4.00000
       552	        79	       249	   6.00000
       553	       357	         7	   2.00000
       554	       167	       305	  10.00000
       555	        97	       283	   9.00000
       556	       221	       238	   7.00000
       557	       120	       429	   7.00000
       558	       125	        16	  10.00000
       559	       347	        13	   4.00000
       560	        33	        45	   3.00000
       561	       379	       252	   4.00000
       562	       219	       142	   2.00000
       563	        17	       264	   2.00000
       564	        31	       208	   3.00000
       565	       402	       283	   8.00000
       566	       262	       283	   7.00000
       567	        74	       232	   8.00000
       568	       378	       101	   5.00000
       569	       128	       420	   7.00000
       570	       201	        38	   8.00000
       571	       144	       412	   3.00000
       572	       260	       390	   5.00000
       573	       177	       368	   4.00000
       574	       391	       325	   3.00000
       575	       351	       174	   7.00000
       576	       474	       173	   5.00000
       577	       148	        59	  10.00000
       578	       487	       108	   3.00000
       579	       337	       394	   7.00000
       580	       247	       251	  10.00000
       581	       427	        84	   6.00000
       582	        78	       305	   3.00000
       583	       359	       353	   4.00000
       584	        85	       227	   9.00000
       585	        74	       418	   2.00000
       586	       329	       109	   3.00000
       587	       462	       161	   4.00000
       588	        49	       393	   8.00000
       589	        44	       434	   2.00000
       590	       181	       471	   3.00000
       591	       371	       112	   6.00000
       592	       234	       162	   5.00000
       593	        81	         2	   9.00000
       594	       479	       298	   2.00000
       595	        53	       162	   8.00000
       596	       445	       209	   1.00000
       597	        85	       448	  10.00000
       598	       356	       445	  10.00000
       599	       315	       375	   8.00000
       600	        62	         9	   6.00000
       601	       216	        27	   3.00000
       602	       358	       441	   6.00000
       603	         9	       101	   9.00000
       604	       226	       327	   3.00000
       605	       364	        16	   6.00000
       606	       324	        41	   8.00000
       607	       206	       336	   6.00000
       608	       103	        93	   2.00000
       609	       390	        34	   2.00000
       610	       316	       183	  10.00000
       611	         2	       285	   7.00000
       612	        17	       304	   2.00000
       613	       356	       487	   3.00000
       614	       329	       212	  10.00000
       615	        44	        85	  10.00000
       616	       459	       244	  10.00000
       617	       261	        97	   3.00000
       618	       214	       485	   7.00000
       619	       397	       293	   1.00000
       620	        44	       478	   1.00000
       621	       380	       356	   8.00000
       622	       382	       357	   3.00000
       623	       146	       104	   9.00000
       624	        26	       216	   7.00000
       625	       238	       380	   8.00000
